6.338765465274112110e-01 6.700000000000000000e+01 1.654776625218904087e+02 2.622621294188064311e+01 -8.991278839111328125e+01 1.670138168334960938e+01 5.865261840820312500e+01
6.349567054441862535e-01 9.500000000000000000e+01 1.610338984895477097e+02 2.536500459705140287e+01 -8.914779663085937500e+01 2.049683952331542969e+01 5.790532684326171875e+01
6.355310751037148709e-01 8.200000000000000000e+01 1.633988594814569240e+02 2.896068666382270962e+01 -8.826094818115234375e+01 1.808391571044921875e+01 6.098804473876953125e+01
6.360128907988966684e-01 6.800000000000000000e+01 1.634473483992222214e+02 2.292425680223855977e+01 -9.071108245849609375e+01 1.876947212219238281e+01 5.575895690917968750e+01
6.396321417421040323e-01 4.000000000000000000e+01 1.683958162460356505e+02 2.398921658890792585e+01 -9.137903594970703125e+01 1.442803192138671875e+01 5.670050430297851562e+01
6.398588333847832210e-01 4.800000000000000000e+01 1.684117843827053775e+02 2.864350465295470016e+01 -8.943431091308593750e+01 1.401490116119384766e+01 6.072016906738281250e+01
6.411585775022091704e-01 5.300000000000000000e+01 1.664389310664240043e+02 2.107906428098825202e+01 -9.204846954345703125e+01 1.636165618896484375e+01 5.411019897460937500e+01
6.438181410672908500e-01 1.160000000000000000e+02 1.591837975003140855e+02 2.827115460628358790e+01 -8.741861724853515625e+01 2.156282043457031250e+01 6.040467071533203125e+01
6.446677513498390022e-01 5.800000000000000000e+01 1.666978329131304406e+02 3.166831186922003027e+01 -8.769688415527343750e+01 1.509356784820556641e+01 6.324055480957031250e+01
6.448970330824741470e-01 1.030000000000000000e+02 1.620726180575223623e+02 3.205715273130466159e+01 -8.648773956298828125e+01 1.868557167053222656e+01 6.355883789062500000e+01
6.459438579927491153e-01 1.080000000000000000e+02 1.597484393908636378e+02 2.112974438686116585e+01 -9.028327941894531250e+01 2.210889434814453125e+01 5.415576553344726562e+01
6.466925592443222293e-01 8.700000000000000000e+01 1.624612358576941631e+02 1.901049095242029807e+01 -9.174125671386718750e+01 2.001300621032714844e+01 5.223743438720703125e+01
6.479350795617567771e-01 3.100000000000000000e+01 1.713304010001130848e+02 2.592054798235014701e+01 -9.105745697021484375e+01 1.176630783081054688e+01 5.838800811767578125e+01
6.495108586121258742e-01 1.290000000000000000e+02 1.574445095707667974e+02 2.378200934058381222e+01 -8.862586975097656250e+01 2.366260719299316406e+01 5.651790618896484375e+01
6.528725498884415668e-01 2.600000000000000000e+01 1.701347588642137794e+02 2.002656457917492716e+01 -9.307392120361328125e+01 1.316885757446289062e+01 5.316040802001953125e+01
6.535858907986218380e-01 1.370000000000000000e+02 1.579267254526899649e+02 3.153698059782695040e+01 -8.557454681396484375e+01 2.196633720397949219e+01 6.313275527954101562e+01
6.536252762199279420e-01 7.700000000000000000e+01 1.655561600911508719e+02 1.753638663411357257e+01 -9.294944763183593750e+01 1.741345977783203125e+01 5.088841629028320312e+01
6.551813976553768626e-01 3.200000000000000000e+01 1.719762487625305312e+02 2.991340942941171477e+01 -8.935502624511718750e+01 1.096097278594970703e+01 6.178769683837890625e+01
6.571060285029564074e-01 9.000000000000000000e+01 1.659601469817295367e+02 3.489561610073246811e+01 -8.589823150634765625e+01 1.526749897003173828e+01 6.584043121337890625e+01
6.580643371233374506e-01 1.240000000000000000e+02 1.615075877434113636e+02 3.540119662628035258e+01 -8.464659118652343750e+01 1.855644798278808594e+01 6.623884582519531250e+01
6.581553354699417602e-01 1.610000000000000000e+02 1.555918703498409172e+02 2.687452553166567881e+01 -8.681389617919921875e+01 2.463430404663085938e+01 5.921154785156250000e+01
6.586248457421532976e-01 1.900000000000000000e+01 1.725459188007067439e+02 2.245408019911470276e+01 -9.256227111816406250e+01 1.090066242218017578e+01 5.534088516235351562e+01
6.622244915080317540e-01 5.700000000000000000e+01 1.706388804968556485e+02 3.327557908930517527e+01 -8.751139068603515625e+01 1.178922939300537109e+01 6.454736328125000000e+01
6.626637050658263917e-01 4.500000000000000000e+01 1.690432673379622770e+02 1.686684529147603229e+01 -9.384122467041015625e+01 1.432403564453125000e+01 5.027199935913085938e+01
6.636117865054893539e-01 1.450000000000000000e+02 1.568894825598665079e+02 1.884604706137080044e+01 -9.002578735351562500e+01 2.479222488403320312e+01 5.208751678466796875e+01
6.641544452997378833e-01 1.210000000000000000e+02 1.595856253956640387e+02 1.651233789013033970e+01 -9.157756042480468750e+01 2.274677658081054688e+01 4.994472885131835938e+01
6.653724089506157791e-01 1.440000000000000000e+02 1.545292550171549806e+02 2.167911523949301866e+01 -8.828665924072265625e+01 2.634765434265136719e+01 5.464871215820312500e+01
6.668763085503388588e-01 1.760000000000000000e+02 1.573214975605549171e+02 3.506563095983233325e+01 -8.366274261474609375e+01 2.170625305175781250e+01 6.597468566894531250e+01
6.669480620314558461e-01 1.000000000000000000e+02 1.625643671803910024e+02 1.475619790221912808e+01 -9.290530395507812500e+01 2.028009223937988281e+01 4.831489562988281250e+01
6.674036450286363609e-01 1.800000000000000000e+01 1.750989425353013189e+02 2.640793265996119743e+01 -9.123696899414062500e+01 8.505442619323730469e+00 5.880960083007812500e+01
6.690086382746860405e-01 1.600000000000000000e+02 1.542452298004331794e+02 3.032311240840837741e+01 -8.489047241210937500e+01 2.499160766601562500e+01 6.212924575805664062e+01
6.728853518651868315e-01 2.200000000000000000e+01 1.757592738540473931e+02 2.977179221831733713e+01 -8.976028442382812500e+01 7.824395179748535156e+00 6.166930770874023438e+01
6.729831849905669738e-01 7.400000000000000000e+01 1.705276044277409255e+02 3.658952942158978772e+01 -8.569305419921875000e+01 1.157674503326416016e+01 6.716543579101562500e+01
6.731409140668391800e-01 7.800000000000000000e+01 1.657717558748941542e+02 1.366774317128363947e+01 -9.397035217285156250e+01 1.746792602539062500e+01 4.729799652099609375e+01
6.732102852573433882e-01 1.110000000000000000e+02 1.661646363660967154e+02 3.821530948366691405e+01 -8.408712768554687500e+01 1.465498924255371094e+01 6.841010284423828125e+01
6.742299789622931971e-01 1.840000000000000000e+02 1.525584845030300301e+02 2.493892870499456293e+01 -8.639723968505859375e+01 2.735494232177734375e+01 5.753362274169921875e+01
6.750572226608504423e-01 1.200000000000000000e+01 1.751840816112751043e+02 2.023995782175673952e+01 -9.358736419677734375e+01 8.629715919494628906e+00 5.335350418090820312e+01
6.757538149956433537e-01 2.500000000000000000e+01 1.730662050565389904e+02 1.730978832433885017e+01 -9.429351043701171875e+01 1.064437294006347656e+01 5.068004608154296875e+01
6.762721929255065545e-01 1.510000000000000000e+02 1.617626689838445202e+02 3.888274500295211311e+01 -8.278582000732421875e+01 1.773232841491699219e+01 6.891317749023437500e+01
6.781561994097942137e-01 6.000000000000000000e+00 1.767438961174715359e+02 2.349157973670031652e+01 -9.252153778076171875e+01 7.156496047973632812e+00 5.626148223876953125e+01
6.782927651699357519e-01 4.300000000000000000e+01 1.747768304297576947e+02 3.363970695352179519e+01 -8.774182891845703125e+01 8.465140342712402344e+00 6.484014892578125000e+01
6.796887098632204971e-01 1.920000000000000000e+02 1.534746829077311929e+02 3.404634942730233860e+01 -8.289821624755859375e+01 2.471363258361816406e+01 6.516565704345703125e+01
6.801161422057218076e-01 6.100000000000000000e+01 1.691584977636625240e+02 1.336549751306095501e+01 -9.472547149658203125e+01 1.438516902923583984e+01 4.701477050781250000e+01
6.810829665784912113e-01 1.770000000000000000e+02 1.574548060499043061e+02 3.876044064539658507e+01 -8.172824859619140625e+01 2.078931045532226562e+01 6.882134246826171875e+01
6.828486610840873716e-01 1.700000000000000000e+02 1.546965461794223415e+02 1.620708115389005144e+01 -8.989807128906250000e+01 2.694375801086425781e+01 4.966244125366210938e+01
6.843894462500905718e-01 2.050000000000000000e+02 1.510348648375650953e+02 2.855541564953868772e+01 -8.439578247070312500e+01 2.776879310607910156e+01 6.064562988281250000e+01
6.848565264820338783e-01 1.710000000000000000e+02 1.574949458583872968e+02 1.371422555447043479e+01 -9.152034759521484375e+01 2.481369018554687500e+01 4.734152221679687500e+01
6.854340943897825333e-01 1.970000000000000000e+02 1.521950449496360704e+02 1.918277746895269686e+01 -8.809226226806640625e+01 2.860788154602050781e+01 5.239434051513671875e+01
6.866618012873308974e-01 3.600000000000000000e+01 1.727039001899279640e+02 1.404812040959322950e+01 -9.509475708007812500e+01 1.108304309844970703e+01 4.765392303466796875e+01
6.875244989639182069e-01 1.340000000000000000e+02 1.605330386127577924e+02 1.176550912737651089e+01 -9.292945098876953125e+01 2.229615974426269531e+01 4.550973129272460938e+01
6.906962493573596262e-01 7.000000000000000000e+00 1.792728638039135092e+02 2.774800460536755509e+01 -9.082597351074218750e+01 4.900187492370605469e+00 5.995952987670898438e+01
6.907140240975787604e-01 2.130000000000000000e+02 1.533722258094706490e+02 3.796089218387218267e+01 -8.087947082519531250e+01 2.379302215576171875e+01 6.821711730957031250e+01
6.907679086264533197e-01 2.180000000000000000e+02 1.500433946359063668e+02 2.258039837537870298e+01 -8.613526916503906250e+01 2.974001312255859375e+01 5.545334625244140625e+01
6.917373919145863859e-01 7.300000000000000000e+01 1.752891494377207380e+02 3.703502585038788908e+01 -8.589141845703125000e+01 7.900196075439453125e+00 6.750917816162109375e+01
6.927291253283183181e-01 2.260000000000000000e+02 1.500263888683438438e+02 3.245883012731366790e+01 -8.232177734375000000e+01 2.755810356140136719e+01 6.388621139526367188e+01
6.932428139947763857e-01 1.320000000000000000e+02 1.673518272328427088e+02 4.150787852542612200e+01 -8.230880737304687500e+01 1.333465290069580078e+01 7.084556579589843750e+01
6.935293099489650004e-01 3.700000000000000000e+01 1.785651871058047391e+02 3.270084535877452936e+01 -8.841321563720703125e+01 5.443534374237060547e+00 6.408275604248046875e+01
6.939553197726414657e-01 9.800000000000000000e+01 1.715219770923440024e+02 3.978627175913472769e+01 -8.392939758300781250e+01 1.053591156005859375e+01 6.958669281005859375e+01
6.944187092192826150e-01 1.130000000000000000e+02 1.637461102301731728e+02 1.042341133109485440e+01 -9.409806823730468750e+01 1.948070144653320312e+01 4.424045944213867188e+01
6.955091147796043094e-01 1.300000000000000000e+01 1.765438425709945420e+02 1.623237471342962479e+01 -9.488227081298828125e+01 7.476219177246093750e+00 4.968584823608398438e+01
6.964591266519513102e-01 4.000000000000000000e+00 1.789337213160389410e+02 2.022814177003182579e+01 -9.376524353027343750e+01 5.244210720062255859e+00 5.334281921386718750e+01
6.966513680307274692e-01 1.500000000000000000e+02 1.629332705383140762e+02 4.238610759217975499e+01 -8.095043945312500000e+01 1.625024604797363281e+01 7.147509002685546875e+01
6.982673618947488059e-01 3.000000000000000000e+00 -1.796394162871520450e+02 2.376331640850659710e+01 -9.249732971191406250e+01 3.961945533752441406e+00 5.650141906738281250e+01
6.996105960304378479e-01 9.200000000000000000e+01 1.670603781407163808e+02 9.754524506303287268e+00 -9.499971771240234375e+01 1.646632575988769531e+01 4.360577774047851562e+01
7.001372504091946114e-01 2.390000000000000000e+02 1.482951512979234110e+02 2.633913335865004868e+01 -8.406211090087890625e+01 3.028771591186523438e+01 5.875019836425781250e+01
7.024951474718763578e-01 2.000000000000000000e+02 1.584444834930234265e+02 4.251774089800893819e+01 -7.981436157226562500e+01 1.923361587524414062e+01 7.156869506835937500e+01
7.037736324217549466e-01 2.470000000000000000e+02 1.496196287501455231e+02 3.657714491713297633e+01 -8.021560668945312500e+01 2.670681762695312500e+01 6.715585327148437500e+01
7.042594801368029511e-01 1.500000000000000000e+01 -1.785774144911340215e+02 3.041562977223365394e+01 -8.956570434570312500e+01 3.097764492034912109e+00 6.220617675781250000e+01
7.044846954643861903e-01 2.100000000000000000e+02 1.530693186144587514e+02 1.330401065056266496e+01 -8.987042999267578125e+01 2.861861610412597656e+01 4.695710754394531250e+01
7.055792287492532733e-01 2.310000000000000000e+02 1.503787147530444486e+02 1.638377431543768381e+01 -8.801414489746093750e+01 3.046503067016601562e+01 4.982589340209960938e+01
7.062606358643344073e-01 6.200000000000000000e+01 1.703935219967040098e+02 9.838594209141144020e+00 -9.560492706298828125e+01 1.335959911346435547e+01 4.368561935424804688e+01
7.069859321024918319e-01 1.890000000000000000e+02 1.560339308357943935e+02 1.070162616589304427e+01 -9.154166412353515625e+01 2.632000541687011719e+01 4.450405120849609375e+01
7.074682460241665805e-01 2.520000000000000000e+02 1.480112191641214849e+02 1.988696249099631430e+01 -8.600196838378906250e+01 3.178848648071289062e+01 5.303394317626953125e+01
7.084872812283709020e-01 2.600000000000000000e+02 1.470108191021583650e+02 3.039771193057032761e+01 -8.191004180908203125e+01 3.021313667297363281e+01 6.219128417968750000e+01
7.087578885097602921e-01 2.000000000000000000e+00 -1.774289079887483354e+02 2.618733053818040091e+01 -9.146211242675781250e+01 2.057148933410644531e+00 5.861899566650390625e+01
7.091048697527116973e-01 2.340000000000000000e+02 1.540605200516116895e+02 4.197629168857410775e+01 -7.887605285644531250e+01 2.223691749572753906e+01 7.118241119384765625e+01
7.093772399878119916e-01 5.100000000000000000e+01 1.796750467890488210e+02 3.625412915509412670e+01 -8.648880004882812500e+01 4.532547950744628906e+00 6.690532684326171875e+01
7.100719004680852153e-01 0.000000000000000000e+00 -1.781905803379243594e+02 2.232222049511538131e+01 -9.301647949218750000e+01 2.667083263397216797e+00 5.522338104248046875e+01
7.104780017163074834e-01 5.000000000000000000e+01 1.736586004355764601e+02 1.079540881310916411e+01 -9.587084197998046875e+01 1.027124404907226562e+01 4.459284973144531250e+01
7.109179430921599430e-01 3.500000000000000000e+01 1.767793000226800473e+02 1.287986592069250769e+01 -9.570561981201171875e+01 7.304325103759765625e+00 4.655895614624023438e+01
7.111399230161592477e-01 1.100000000000000000e+01 1.798186238316854144e+02 1.709297030610179746e+01 -9.474061584472656250e+01 4.447083473205566406e+00 5.048043060302734375e+01
7.119937234175107710e-01 8.500000000000000000e+01 1.770144573387905211e+02 4.003622172116677547e+01 -8.418114471435546875e+01 6.482033729553222656e+00 6.977146911621093750e+01
7.122357062355988422e-01 1.550000000000000000e+02 1.592169238097464756e+02 8.628712724397676226e+00 -9.300251770019531250e+01 2.365198326110839844e+01 4.253470230102539062e+01
7.144928370151641950e-01 2.730000000000000000e+02 1.460139893008098113e+02 2.375868991235713068e+01 -8.386656188964843750e+01 3.253144836425781250e+01 5.649733734130859375e+01
7.153018310947585334e-01 1.540000000000000000e+02 1.625529690749577014e+02 7.134269565354291132e+00 -9.423172760009765625e+01 2.070809936523437500e+01 4.110804748535156250e+01
7.163995473791233692e-01 1.190000000000000000e+02 1.736079184030413103e+02 4.275228341865528137e+01 -8.225572204589843750e+01 8.794250488281250000e+00 7.173499298095703125e+01
7.170233372554535300e-01 2.680000000000000000e+02 1.499304291503073330e+02 4.083230226464727508e+01 -7.811794281005859375e+01 2.521437835693359375e+01 7.035544586181640625e+01
7.172326771031996007e-01 2.810000000000000000e+02 1.462661388228222847e+02 3.469307715306709383e+01 -7.971797943115234375e+01 2.949369430541992188e+01 6.568013000488281250e+01
7.190838525298073325e-01 1.870000000000000000e+02 1.651423587785838833e+02 4.578166799438371726e+01 -7.918257141113281250e+01 1.415469932556152344e+01 7.382548522949218750e+01
7.192963650669533804e-01 1.660000000000000000e+02 1.695956629975691783e+02 4.463972101061648345e+01 -8.060515594482421875e+01 1.137573719024658203e+01 7.305014038085937500e+01
7.212785464852436990e-01 3.800000000000000000e+01 -1.768447408583739104e+02 3.438859286897547207e+01 -8.745989990234375000e+01 1.771799921989440918e+00 6.543840789794921875e+01
7.220122789619565218e-01 1.260000000000000000e+02 1.659652428506437900e+02 6.263432714790786449e+00 -9.521183776855468750e+01 1.759149169921875000e+01 4.027449798583984375e+01
7.233105099789853831e-01 2.210000000000000000e+02 1.604421230928628574e+02 4.621902351558533439e+01 -7.796251678466796875e+01 1.707010269165039062e+01 7.411828613281250000e+01
7.236170453180807982e-01 2.940000000000000000e+02 1.444381628363227605e+02 2.794358698759026538e+01 -8.164347839355468750e+01 3.265061950683593750e+01 6.012620162963867188e+01
7.246728564958661023e-01 2.650000000000000000e+02 1.490312596107729348e+02 1.335184111957805975e+01 -8.802848052978515625e+01 3.192653846740722656e+01 4.700196456909179688e+01
7.254822657176589473e-01 3.020000000000000000e+02 1.461629905411786865e+02 3.915780475674059602e+01 -7.752580261230468750e+01 2.812251281738281250e+01 6.911913299560546875e+01
7.254847040806202685e-01 2.860000000000000000e+02 1.464278732197941508e+02 1.692847011861782036e+01 -8.597516632080078125e+01 3.349275207519531250e+01 5.032882690429687500e+01
7.256188290370824134e-01 2.440000000000000000e+02 1.519400373780831899e+02 1.020500136792143309e+01 -8.991831970214843750e+01 2.984430694580078125e+01 4.403336334228515625e+01
7.266343775421343354e-01 1.050000000000000000e+02 1.693649847363252263e+02 6.058271658826005712e+00 -9.592836761474609375e+01 1.441404628753662109e+01 4.007791137695312500e+01
7.274748478992698608e-01 2.700000000000000000e+01 -1.746969621478581587e+02 3.164565840184442891e+01 -8.876808166503906250e+01 -6.475760787725448608e-02 6.322197341918945312e+01
7.282370309822550070e-01 2.230000000000000000e+02 1.551094306388318103e+02 7.537948792716506752e+00 -9.161791992187500000e+01 2.732050514221191406e+01 4.149391555786132812e+01
7.282447741406260500e-01 2.100000000000000000e+01 -1.794200007374274435e+02 1.339305418002421533e+01 -9.567548370361328125e+01 3.736225128173828125e+00 4.704060745239257812e+01
7.285342490710357000e-01 2.550000000000000000e+02 1.557023476943983553e+02 4.598809617906213987e+01 -7.692871856689453125e+01 2.006725692749023438e+01 7.396397399902343750e+01
7.285714032160801601e-01 1.400000000000000000e+01 -1.743268454370951588e+02 2.816210708043508859e+01 -9.040437316894531250e+01 -5.324680209159851074e-01 6.031206130981445312e+01
7.289054786496188543e-01 3.150000000000000000e+02 1.433464674673016361e+02 3.238526039488188246e+01 -7.937050628662109375e+01 3.211776351928710938e+01 6.382635879516601562e+01
7.294450743042319996e-01 1.000000000000000000e+00 -1.752062001917560963e+02 2.205221991320643227e+01 -9.296118164062500000e+01 2.869016025215387344e-03 5.498242950439453125e+01
7.305936995950021995e-01 6.400000000000000000e+01 -1.779835695800274777e+02 3.903795340185791929e+01 -8.482441711425781250e+01 2.770834445953369141e+00 6.902949523925781250e+01
7.315971792757003378e-01 8.400000000000000000e+01 1.726516823989563250e+02 6.562458345974702567e+00 -9.636763763427734375e+01 1.129641914367675781e+01 4.056088638305664062e+01
7.317878196371534472e-01 5.000000000000000000e+00 -1.757057648285382356e+02 1.859915666096988929e+01 -9.414910888671875000e+01 3.611618578433990479e-01 5.186216354370117188e+01
7.326633873541366082e-01 4.200000000000000000e+01 1.784140448581669602e+02 9.995694345061004071e+00 -9.632097625732421875e+01 5.785103797912597656e+00 4.383476638793945312e+01
7.332550096524503846e-01 7.200000000000000000e+01 1.757121184386031416e+02 7.835524339076907374e+00 -9.651132202148437500e+01 8.370131492614746094e+00 4.177813339233398438e+01
7.334729833423345724e-01 3.070000000000000000e+02 1.441704144806128909e+02 2.088357552582599297e+01 -8.378915405273437500e+01 3.448098373413085938e+01 5.393428421020507812e+01
7.339749357560393372e-01 2.020000000000000000e+02 1.584862745174750671e+02 5.397660268247148174e+00 -9.310501098632812500e+01 2.444071006774902344e+01 3.944441604614257812e+01
7.354502481492826149e-01 2.890000000000000000e+02 1.511173614915329324e+02 4.513451789039058326e+01 -7.606912231445312500e+01 2.309576416015625000e+01 7.338800048828125000e+01
7.365933451516644137e-01 1.060000000000000000e+02 1.798412802890473756e+02 4.257342153627549663e+01 -8.262445831298828125e+01 4.392648220062255859e+00 7.160823059082031250e+01
7.370254424917745961e-01 1.600000000000000000e+01 -1.766170151374694797e+02 1.539770132386004597e+01 -9.510516357421875000e+01 1.138433456420898438e+00 4.891187286376953125e+01
7.384583315236884493e-01 1.410000000000000000e+02 1.767885358302657721e+02 4.534928633291104205e+01 -8.070673370361328125e+01 6.454055786132812500e+00 7.353374481201171875e+01
7.388335550785817274e-01 3.280000000000000000e+02 1.423005243594433864e+02 2.516552891551797089e+01 -8.150459289550781250e+01 3.484295654296875000e+01 5.773146820068359375e+01
7.391560394471264894e-01 1.800000000000000000e+02 1.620062779693987522e+02 3.825963719325932377e+00 -9.436215972900390625e+01 2.130014610290527344e+01 3.793461227416992188e+01
7.395063162392117029e-01 3.360000000000000000e+02 1.428233515715026272e+02 3.702473746905903340e+01 -7.708692169189453125e+01 3.092022705078125000e+01 6.750126647949218750e+01
7.397072133535660399e-01 8.000000000000000000e+00 -1.731182654505023208e+02 2.463681265590154368e+01 -9.179162597656250000e+01 -1.734171390533447266e+00 5.726927947998046875e+01
7.414158839047385596e-01 1.670000000000000000e+02 1.729704712938265629e+02 4.745894841062861502e+01 -7.901461029052734375e+01 8.849120140075683594e+00 7.493571472167968750e+01
7.423460080616579582e-01 6.300000000000000000e+01 -1.739896978798657017e+02 3.700270501095729259e+01 -8.581667327880859375e+01 -3.374950587749481201e-01 6.748430633544921875e+01
7.431577707977599090e-01 3.230000000000000000e+02 1.468441097589395383e+02 4.371570580124731009e+01 -7.537357330322265625e+01 2.610850906372070312e+01 7.241146850585937500e+01
7.436294516510526531e-01 2.080000000000000000e+02 1.685230198338463197e+02 4.891849631613464311e+01 -7.752126312255859375e+01 1.150014305114746094e+01 7.587348937988281250e+01
7.447679912631304244e-01 2.990000000000000000e+02 1.481129296625714744e+02 1.014272326870088925e+01 -8.811405944824218750e+01 3.299392318725585938e+01 4.397428512573242188e+01
7.452108746364138891e-01 3.200000000000000000e+02 1.452611186009386302e+02 1.376179741474008367e+01 -8.603480529785156250e+01 3.484311294555664062e+01 4.738605880737304688e+01
7.455355397728757882e-01 3.490000000000000000e+02 1.408677727406444546e+02 2.972253766925260621e+01 -7.915834045410156250e+01 3.454502868652343750e+01 6.162809371948242188e+01
7.461162577958853070e-01 1.810000000000000000e+02 1.655928589244543900e+02 2.857358251945315786e+00 -9.537695312500000000e+01 1.800223922729492188e+01 3.700269699096679688e+01
7.469428707363539033e-01 2.420000000000000000e+02 1.636276670488894354e+02 4.972224507585279696e+01 -7.621177673339843750e+01 1.434287643432617188e+01 7.637841033935546875e+01
7.469681952737536879e-01 2.780000000000000000e+02 1.512595238702110976e+02 6.963940386670282479e+00 -9.002007293701171875e+01 3.063626670837402344e+01 4.094512939453125000e+01
7.473968603874134864e-01 3.410000000000000000e+02 1.427387079732855284e+02 1.777160355850223894e+01 -8.381144714355468750e+01 3.611759948730468750e+01 5.110443496704101562e+01
7.498438272457874643e-01 3.700000000000000000e+02 1.399384767773410374e+02 3.450182785508135197e+01 -7.678914642333984375e+01 3.356891250610351562e+01 6.552840423583984375e+01
7.499056777089934123e-01 2.570000000000000000e+02 1.546597594847174832e+02 4.273492026264536392e+00 -9.172809600830078125e+01 2.784804916381835938e+01 3.836484909057617188e+01
7.500524400823582738e-01 1.390000000000000000e+02 1.691575402280564617e+02 2.517422757758758234e+00 -9.614187622070312500e+01 1.465736484527587891e+01 3.667543792724609375e+01
7.502841988394712835e-01 3.000000000000000000e+01 -1.772329078564980591e+02 1.089299691207888543e+01 -9.612181091308593750e+01 1.662226915359497070e+00 4.468522262573242188e+01
7.509439566779871900e-01 3.570000000000000000e+02 1.429890186826307570e+02 4.179728644988721697e+01 -7.483261871337890625e+01 2.906117439270019531e+01 7.105397033691406250e+01
7.517011981322722081e-01 2.000000000000000000e+01 -1.705726670854920712e+02 2.776888190586753780e+01 -9.016063690185546875e+01 -3.723189830780029297e+00 5.997733688354492188e+01
7.518636459888607959e-01 3.620000000000000000e+02 1.405786680441373164e+02 2.212252947182137675e+01 -8.147689056396484375e+01 3.676418685913085938e+01 5.504521942138671875e+01
7.520861106553531350e-01 2.760000000000000000e+02 1.585065655504430708e+02 4.986865160729964686e+01 -7.507655334472656250e+01 1.732057380676269531e+01 7.646949005126953125e+01
7.527566287823739266e-01 9.000000000000000000e+00 -1.722206879174410687e+02 1.958266474730032414e+01 -9.350720977783203125e+01 -2.762128829956054688e+00 5.275789642333984375e+01
7.528796875787531206e-01 4.600000000000000000e+01 -1.713243712119470388e+02 3.422881808896211453e+01 -8.709338378906250000e+01 -2.606732130050659180e+00 6.531121063232421875e+01
7.539614625844708318e-01 9.300000000000000000e+01 -1.746446523198704313e+02 4.110480650689367366e+01 -8.338710021972656250e+01 3.965575397014617920e-01 7.055374908447265625e+01
7.550853289275761826e-01 2.800000000000000000e+01 -1.701438364406634491e+02 3.104499032498131328e+01 -8.857215881347656250e+01 -3.818380117416381836e+00 6.272756195068359375e+01
7.563442366292347785e-01 3.100000000000000000e+02 1.533963872232780830e+02 4.937363649099609120e+01 -7.410833740234375000e+01 2.038122367858886719e+01 7.616042327880859375e+01
7.566518888325081127e-01 1.180000000000000000e+02 1.726014331491898304e+02 2.822749567398569859e+00 -9.665381622314453125e+01 1.138209533691406250e+01 3.696938323974609375e+01
7.577631827476125626e-01 5.500000000000000000e+01 -1.789347860039061118e+02 7.741627768865987136e+00 -9.666724395751953125e+01 3.262793540954589844e+00 4.168847274780273438e+01
7.578072566839748614e-01 7.100000000000000000e+01 1.786840115557333490e+02 5.411822013099604867e+00 -9.691935729980468750e+01 5.542546749114990234e+00 3.945800399780273438e+01
7.578728158269620874e-01 9.700000000000000000e+01 1.758164868323230507e+02 3.783585548551523292e+00 -9.691283416748046875e+01 8.299586296081542969e+00 3.789385986328125000e+01
7.579658279726300130e-01 2.360000000000000000e+02 1.582622210406899512e+02 2.115675312241622752e+00 -9.321826171875000000e+01 2.471730041503906250e+01 3.628856277465820312e+01
7.583660159829561653e-01 1.270000000000000000e+02 -1.763386905220697827e+02 4.453285057525294377e+01 -8.124314880371093750e+01 1.766309499740600586e+00 7.297678375244140625e+01
7.595902760306092460e-01 3.830000000000000000e+02 1.388183355602688778e+02 2.676554993861168441e+01 -7.906711578369140625e+01 3.674385452270507812e+01 5.911781692504882812e+01
7.597263597645523836e-01 2.900000000000000000e+01 -1.738912260364335793e+02 1.317160083771566192e+01 -9.542195892333984375e+01 -1.441715717315673828e+00 4.683288574218750000e+01
7.598678070136165585e-01 3.960000000000000000e+02 1.396081076352866717e+02 3.944753266168976324e+01 -7.443685913085937500e+01 3.191205024719238281e+01 6.933520507812500000e+01
7.607002872473993538e-01 1.000000000000000000e+01 -1.699838406600260328e+02 2.309216558040953871e+01 -9.198131561279296875e+01 -4.554654598236083984e+00 5.590790939331054688e+01
7.615169810347566237e-01 1.700000000000000000e+01 -1.720740845189797312e+02 1.630422883109532961e+01 -9.445301055908203125e+01 -3.028208971023559570e+00 4.975232696533203125e+01
7.627622750127807105e-01 1.400000000000000000e+02 -1.789745383170198068e+02 4.742368476652004006e+01 -7.931430053710937500e+01 3.611373186111450195e+00 7.491272735595703125e+01
7.628299993534625179e-01 3.540000000000000000e+02 1.444819431630477595e+02 1.043408081678797927e+01 -8.616213226318359375e+01 3.583009719848632812e+01 4.425057220458984375e+01
7.632584815173457660e-01 3.750000000000000000e+02 1.416921688845255574e+02 1.447122171924639566e+01 -8.391593170166015625e+01 3.742411041259765625e+01 4.804912948608398438e+01
7.634548309568061075e-01 3.330000000000000000e+02 1.475916456093254112e+02 6.802337737857965472e+00 -8.825130462646484375e+01 3.366682434082031250e+01 4.079050445556640625e+01
7.641212784132171976e-01 2.150000000000000000e+02 1.620029456347136545e+02 5.283539383744336737e-01 -9.447598266601562500e+01 2.134049224853515625e+01 3.475920486450195312e+01
7.646275091173897476e-01 3.440000000000000000e+02 1.485125201026366142e+02 4.827454323589017804e+01 -7.330071258544921875e+01 2.347619438171386719e+01 7.546303558349609375e+01
7.649036510321240989e-01 4.220000000000000000e+02 1.375070361844824163e+02 3.165200755842120017e+01 -7.662041473388671875e+01 3.603258895874023438e+01 6.322718048095703125e+01
7.659166912894306289e-01 7.900000000000000000e+01 -1.703445757541272201e+02 3.862144447790001323e+01 -8.449151611328125000e+01 -2.955993652343750000e+00 6.871678161621093750e+01
7.665947460137600977e-01 1.950000000000000000e+02 1.775052783812027428e+02 4.979540079711787115e+01 -7.757177734375000000e+01 5.831556797027587891e+00 7.642395782470703125e+01
7.670584685571748551e-01 4.060000000000000000e+02 1.392478464397393907e+02 1.886471781958863758e+01 -8.154439544677734375e+01 3.839068984985351562e+01 5.210454559326171875e+01
7.674120672692394951e-01 3.780000000000000000e+02 1.440197158408353175e+02 4.662681846705338984e+01 -7.264736175537109375e+01 2.655954360961914062e+01 7.438920593261718750e+01
7.683359378607681478e-01 2.290000000000000000e+02 1.731794697565964611e+02 5.161993331551682473e+01 -7.600209045410156250e+01 8.351645469665527344e+00 7.753748321533203125e+01
7.684472325866877895e-01 3.120000000000000000e+02 1.509913920016773830e+02 3.625204035605412489e+00 -9.015584564208984375e+01 3.100485992431640625e+01 3.774153518676757812e+01
7.695394772644157388e-01 1.940000000000000000e+02 1.658049447676180819e+02 -4.599356633533432381e-01 -9.549221801757812500e+01 1.782081794738769531e+01 3.380673217773437500e+01
7.722279580889981343e-01 3.970000000000000000e+02 1.367163673445451479e+02 3.673233306687432531e+01 -7.417655944824218750e+01 3.462197875976562500e+01 6.727584075927734375e+01
7.723711567037558900e-01 2.910000000000000000e+02 1.546424316392867127e+02 9.501843949930814937e-01 -9.185284423828125000e+01 2.792560005187988281e+01 3.516571807861328125e+01
7.725546925160444722e-01 2.630000000000000000e+02 1.681825817758869164e+02 5.285329264760579093e+01 -7.459829711914062500e+01 1.110885143280029297e+01 7.826541900634765625e+01
7.730142477923744870e-01 4.480000000000000000e+02 1.371756210271996110e+02 2.356676315127278087e+01 -7.908263397216796875e+01 3.868528747558593750e+01 5.632791519165039062e+01
7.735975495991300743e-01 4.700000000000000000e+01 -1.741961579451370596e+02 9.388561506301179804e+00 -9.616104888916015625e+01 -1.229213833808898926e+00 4.325798416137695312e+01
7.739207707825419558e-01 2.970000000000000000e+02 1.627191234487407598e+02 5.345562933164662667e+01 -7.335625457763671875e+01 1.404734992980957031e+01 7.861352539062500000e+01
7.741625730734722488e-01 4.380000000000000000e+02 1.400196292232284918e+02 4.449672437633238076e+01 -7.214155578613281250e+01 2.958771705627441406e+01 7.295195770263671875e+01
7.748644469769110366e-01 8.000000000000000000e+01 -1.674830936303543467e+02 3.546877897194973173e+01 -8.586401367187500000e+01 -5.466877937316894531e+00 6.629191589355468750e+01
7.748775203264359757e-01 1.140000000000000000e+02 -1.705290526135891298e+02 4.240724827908295680e+01 -8.217702484130859375e+01 -2.429059982299804688e+00 7.149013519287109375e+01
7.749102406048370417e-01 1.640000000000000000e+02 1.695796329029762433e+02 -8.323971102402096811e-01 -9.626353454589843750e+01 1.426651859283447266e+01 3.344778823852539062e+01
7.752628546113805585e-01 2.300000000000000000e+01 -1.684036881284577305e+02 1.996451723060842909e+01 -9.280210876464843750e+01 -6.152975559234619141e+00 5.310421371459960938e+01
7.758383041110061829e-01 3.300000000000000000e+01 -1.673431512266173797e+02 2.547404788665775754e+01 -9.060012054443359375e+01 -6.643038272857666016e+00 5.800024414062500000e+01
7.788171025452924612e-01 4.230000000000000000e+02 1.355097647259752875e+02 2.853099294289389931e+01 -7.656844329833984375e+01 3.827803039550781250e+01 6.062495422363281250e+01
7.788630072867048781e-01 3.310000000000000000e+02 1.570503455632294845e+02 5.340657684199011612e+01 -7.227288055419921875e+01 1.711563110351562500e+01 7.858535766601562500e+01
7.791405478363186976e-01 1.650000000000000000e+02 1.732297450560127743e+02 -5.854204402389255879e-01 -9.679208374023437500e+01 1.078946113586425781e+01 3.368579864501953125e+01
7.792637727861531083e-01 4.320000000000000000e+02 1.410057298781344457e+02 1.102335916718761766e+01 -8.408561706542968750e+01 3.838567733764648438e+01 4.480857086181640625e+01
7.793541977265057152e-01 2.700000000000000000e+02 1.584936679958163381e+02 -1.179588027602522349e+00 -9.332453155517578125e+01 2.451958465576171875e+01 3.311322784423828125e+01
7.795838545590989543e-01 5.400000000000000000e+01 -1.660806947445385617e+02 3.200262804098204583e+01 -8.741279602050781250e+01 -6.984683990478515625e+00 6.351428985595703125e+01
7.799920886952149690e-01 5.600000000000000000e+01 -1.755363898576187864e+02 6.283068183673488960e+00 -9.668183135986328125e+01 8.267084136605262756e-03 4.029330825805664062e+01
7.811800385480289766e-01 3.910000000000000000e+02 1.440656572874982260e+02 6.985098893173331547e+00 -8.633922576904296875e+01 3.644575881958007812e+01 4.096537017822265625e+01
7.815355438679372213e-01 4.070000000000000000e+02 1.382820968017854000e+02 1.543465886109535035e+01 -8.169133758544921875e+01 3.970160675048828125e+01 4.894620895385742188e+01
7.816478785001629292e-01 4.100000000000000000e+01 -1.660603426967211078e+02 2.856222587836175819e+01 -8.903131866455078125e+01 -7.403555393218994141e+00 6.065139389038085938e+01
7.817133049180109428e-01 1.310000000000000000e+02 1.766526181973174516e+02 2.715738971047917949e-01 -9.708516693115234375e+01 7.504237651824951172e+00 3.451173400878906250e+01
7.819663940627885612e-01 3.650000000000000000e+02 1.514544179610611820e+02 5.271433701373395309e+01 -7.134520721435546875e+01 2.026514816284179688e+01 7.818441772460937500e+01
7.824596069666329701e-01 4.390000000000000000e+02 1.365555021382028826e+02 4.195340804761033837e+01 -7.177594757080078125e+01 3.251943588256835938e+01 7.116600799560546875e+01
7.825855835519281989e-01 8.900000000000000000e+01 -1.776124025627511003e+02 3.729247202129816419e+00 -9.701523590087890625e+01 1.984440326690673828e+00 3.784160232543945312e+01
7.827623882211423023e-01 3.670000000000000000e+02 1.474423389313849668e+02 3.369545449960218431e+00 -8.842173004150390625e+01 3.394516372680664062e+01 3.749559783935546875e+01
7.832416323610285058e-01 1.100000000000000000e+02 1.797422327274123859e+02 1.718403635369503801e+00 -9.715460968017578125e+01 4.528316020965576172e+00 3.590589904785156250e+01
7.834033746089066330e-01 2.400000000000000000e+01 -1.686192105939976216e+02 1.613474868427837805e+01 -9.396192932128906250e+01 -6.187284946441650391e+00 4.959548950195312500e+01
7.834311642260254338e-01 1.560000000000000000e+02 -1.716991629661020227e+02 4.579273598639435505e+01 -8.005911254882812500e+01 -1.278627872467041016e+00 7.383292388916015625e+01
7.835698005907912878e-01 4.590000000000000000e+02 1.343006029218291815e+02 3.371184868632273179e+01 -7.404147338867187500e+01 3.715441513061523438e+01 6.489801025390625000e+01
7.838120720199488467e-01 3.900000000000000000e+01 -1.706241413499025725e+02 1.237787844024177453e+01 -9.517587280273437500e+01 -4.506795406341552734e+00 4.608686065673828125e+01
7.852943044641000903e-01 4.490000000000000000e+02 1.359123972169704473e+02 2.017107632332450962e+01 -7.919058990478515625e+01 4.034333419799804688e+01 5.329120254516601562e+01
7.862829191272315832e-01 2.490000000000000000e+02 1.624798627748841113e+02 -2.728513294934670430e+00 -9.455871582031250000e+01 2.088463783264160156e+01 3.162133216857910156e+01
7.880087033730325263e-01 3.460000000000000000e+02 1.511091999356054032e+02 2.266807273502374764e-01 -9.030706024169921875e+01 3.095888328552246094e+01 3.446846771240234375e+01
7.889038067189979575e-01 1.820000000000000000e+02 -1.738152426249795326e+02 4.882042892422429503e+01 -7.810639953613281250e+01 3.629737794399261475e-01 7.581131744384765625e+01
7.889781402996558501e-01 1.010000000000000000e+02 -1.662001739732462795e+02 3.931700846557140494e+01 -8.344792938232421875e+01 -5.910279273986816406e+00 6.923797607421875000e+01
7.892674737203275726e-01 4.120000000000000000e+02 1.461764893944453263e+02 5.141633966263211875e+01 -7.056984710693359375e+01 2.344962882995605469e+01 7.741538238525390625e+01
7.912223184004434362e-01 3.400000000000000000e+01 -1.654706117671588856e+02 2.176906259508936259e+01 -9.160200500488281250e+01 -8.585464477539062500e+00 5.472924423217773438e+01
7.918821457191608237e-01 2.500000000000000000e+02 1.791159320736878158e+02 5.368763372934434130e+01 -7.465667724609375000e+01 4.784546375274658203e+00 7.874629974365234375e+01
7.921062046114777377e-01 2.280000000000000000e+02 1.665218708778893415e+02 -3.671851780059782744e+00 -9.554895019531250000e+01 1.712393569946289062e+01 3.071359825134277344e+01
7.927781601783090437e-01 4.720000000000000000e+02 1.339180804230277602e+02 2.518700020641530557e+01 -7.662056732177734375e+01 4.027491760253906250e+01 5.775019454956054688e+01
7.932087480085453501e-01 3.250000000000000000e+02 1.550282586028966421e+02 -2.395500188695991017e+00 -9.197407531738281250e+01 2.757192230224609375e+01 3.194195938110351562e+01
7.932460961517802112e-01 2.160000000000000000e+02 -1.768786626629922125e+02 5.146985033463614201e+01 -7.630696105957031250e+01 2.407006263732910156e+00 7.744752502441406250e+01
7.933673669851336596e-01 2.840000000000000000e+02 1.742213707876178148e+02 5.540289911309301374e+01 -7.315470123291015625e+01 7.436887264251708984e+00 7.970517730712890625e+01
7.937199522064425361e-01 4.800000000000000000e+02 1.336265686518707980e+02 3.906291179396875890e+01 -7.154239654541015625e+01 3.531574630737304688e+01 6.904817199707031250e+01
7.948033225309316663e-01 4.130000000000000000e+02 1.413918887576665782e+02 4.957232088764750699e+01 -6.994268798828125000e+01 2.662477302551269531e+01 7.628485107421875000e+01
7.965264371183146119e-01 4.930000000000000000e+02 1.323313880707821113e+02 3.043895342848864161e+01 -7.402073669433593750e+01 3.947553634643554688e+01 6.222555923461914062e+01
7.967718483495034310e-01 6.600000000000000000e+01 -1.706488295128431503e+02 8.900579032819070591e+00 -9.579007720947265625e+01 -4.584384918212890625e+00 4.279365921020507812e+01
7.972490374632357213e-01 4.330000000000000000e+02 1.406577357634160705e+02 7.463005304650516258e+00 -8.430388641357421875e+01 3.899026107788085938e+01 4.142230606079101562e+01
7.980098702362488083e-01 4.640000000000000000e+02 1.376571187521514048e+02 1.186861380019859347e+01 -8.190206146240234375e+01 4.067916107177734375e+01 4.560699462890625000e+01
7.981289315679047647e-01 3.180000000000000000e+02 1.685742260407036213e+02 5.654128472863298072e+01 -7.180142211914062500e+01 1.031105709075927734e+01 8.031912231445312500e+01
7.982436593648213341e-01 2.070000000000000000e+02 1.705291785094071031e+02 -3.998532734675673161e+00 -9.629474639892578125e+01 1.334407520294189453e+01 3.039945793151855469e+01
7.986429047422795025e-01 8.800000000000000000e+01 -1.634484791591163457e+02 3.564314813489344402e+01 -8.497575378417968750e+01 -8.503931999206542969e+00 6.642863464355468750e+01
7.987596269791602532e-01 1.350000000000000000e+02 -1.659083485719186797e+02 4.288729730894593928e+01 -8.120182800292968750e+01 -5.570787429809570312e+00 7.183043670654296875e+01
7.990329228335448786e-01 3.900000000000000000e+02 1.439925833940646669e+02 3.449089400419446338e+00 -8.654880523681640625e+01 3.668448257446289062e+01 3.757212448120117188e+01
7.991717184537394658e-01 3.520000000000000000e+02 1.624122972658331889e+02 5.704116502690965973e+01 -7.059740447998046875e+01 1.335755538940429688e+01 8.058298492431640625e+01
7.994073873746910808e-01 4.670000000000000000e+02 1.371954760098767565e+02 4.725369727672331521e+01 -6.945874023437500000e+01 2.974814605712890625e+01 7.480170440673828125e+01
8.005929507305798998e-01 3.040000000000000000e+02 1.591469079988273734e+02 -4.454102858068222481e+00 -9.340703582763671875e+01 2.387746620178222656e+01 2.996158790588378906e+01
8.006776252800016369e-01 4.900000000000000000e+01 -1.633641471594429504e+02 2.452787667402688498e+01 -9.009417724609375000e+01 -1.010222434997558594e+01 5.717380523681640625e+01
8.007459399365499664e-01 4.850000000000000000e+02 1.350010341864507950e+02 1.661672506907064317e+01 -7.937649536132812500e+01 4.169514465332031250e+01 5.004115676879882812e+01
8.015272961951005470e-01 4.400000000000000000e+01 -1.653786572767213556e+02 1.730126396406938483e+01 -9.297415161132812500e+01 -9.028485298156738281e+00 5.067220306396484375e+01
8.019029016869163584e-01 4.160000000000000000e+02 1.476465681693429133e+02 -1.218183983054403896e-01 -8.860771942138671875e+01 3.383038711547851562e+01 3.413259506225585938e+01
8.020366537014000929e-01 1.860000000000000000e+02 1.744041527746713598e+02 -3.712947111867941352e+00 -9.680149078369140625e+01 9.653242111206054688e+00 3.067407417297363281e+01
8.024931097037537597e-01 3.860000000000000000e+02 1.560545717308514782e+02 5.686956820984251948e+01 -6.954277038574218750e+01 1.652917480468750000e+01 8.049280548095703125e+01
8.025911118777291353e-01 5.200000000000000000e+01 -1.671534471262217210e+02 1.278035267348215598e+01 -9.446397399902343750e+01 -7.693480014801025391e+00 4.646544265747070312e+01
8.036501292833417853e-01 8.100000000000000000e+01 -1.716404909677379749e+02 5.750634502872315146e+00 -9.631835937500000000e+01 -3.707695484161376953e+00 3.978299331665039062e+01
8.047426933008294814e-01 6.900000000000000000e+01 -1.621763384100218275e+02 3.174536317895241666e+01 -8.666492462158203125e+01 -1.009354877471923828e+01 6.330373382568359375e+01
8.064186210360044793e-01 1.490000000000000000e+02 1.780469493970765882e+02 -2.835242586742610538e+00 -9.708036804199218750e+01 6.159625053405761719e+00 3.151859092712402344e+01
8.067844654663722803e-01 7.000000000000000000e+01 -1.622098922564925090e+02 2.794434417231146028e+01 -8.840889739990234375e+01 -1.062426376342773438e+01 6.012684631347656250e+01
8.069046517124580653e-01 3.800000000000000000e+02 1.515947625914330956e+02 -3.198084193290740895e+00 -9.045614624023437500e+01 3.050749778747558594e+01 3.116938018798828125e+01
8.069367336574568839e-01 1.570000000000000000e+02 -1.665080080915289784e+02 4.625030905858672980e+01 -7.909132385253906250e+01 -4.628953456878662109e+00 7.413914489746093750e+01
8.076465142402029507e-01 2.830000000000000000e+02 1.633965387710448454e+02 -5.914961234647932997e+00 -9.459587860107421875e+01 1.997489929199218750e+01 2.855945396423339844e+01
8.076526878509898699e-01 1.020000000000000000e+02 -1.733857369071117205e+02 2.948792424363801512e+00 -9.673983764648437500e+01 -2.072063207626342773e+00 3.709070587158203125e+01
8.076768941560619197e-01 3.870000000000000000e+02 1.498416179554597818e+02 5.603183236782386700e+01 -6.863690185546875000e+01 1.978039741516113281e+01 8.004660034179687500e+01
8.084517840576648240e-01 1.230000000000000000e+02 -1.757533011527885662e+02 5.461226159750401932e-01 -9.702588653564453125e+01 1.910879462957382202e-01 3.477632904052734375e+01
8.085827146125746934e-01 1.480000000000000000e+02 -1.786405482899427000e+02 -1.400062534529926683e+00 -9.714797210693359375e+01 2.970314264297485352e+00 3.290079498291015625e+01
8.100787469370601679e-01 4.540000000000000000e+02 1.440630572247314376e+02 5.457048785882902564e+01 -6.787820434570312500e+01 2.306713104248046875e+01 7.924487304687500000e+01
8.103873736492608337e-01 2.030000000000000000e+02 -1.679988975813682828e+02 4.940560137531623752e+01 -7.710631561279296875e+01 -3.191286802291870117e+00 7.618047332763671875e+01
8.114171714829914173e-01 1.220000000000000000e+02 -1.618605882494085506e+02 3.911720212179988465e+01 -8.267361450195312500e+01 -9.058264732360839844e+00 6.908878326416015625e+01
8.123857847829021317e-01 4.980000000000000000e+02 1.373519868347339639e+02 8.197755220848829794e+00 -8.216092681884765625e+01 4.130886840820312500e+01 4.212382888793945312e+01
8.133766043814321112e-01 4.770000000000000000e+02 1.406309078701774240e+02 3.820584515080440724e+00 -8.455437469482421875e+01 3.922895050048828125e+01 3.792943954467773438e+01
8.138883642333489821e-01 3.590000000000000000e+02 1.557980560431487334e+02 -5.730503974818184965e+00 -9.207479858398437500e+01 2.680452728271484375e+01 2.873631095886230469e+01
8.141230465612820932e-01 2.620000000000000000e+02 1.676937162695292614e+02 -6.756301586815990134e+00 -9.553650665283203125e+01 1.596772289276123047e+01 2.775355339050292969e+01
8.146635557937229599e-01 2.370000000000000000e+02 -1.704273486246113407e+02 5.231673666700644532e+01 -7.524572753906250000e+01 -1.333518147468566895e+00 7.795122528076171875e+01
8.152123835590578960e-01 5.900000000000000000e+01 -1.625528975638457325e+02 1.953118456012725446e+01 -9.160836029052734375e+01 -1.132368850708007812e+01 5.271114349365234375e+01
8.156804576637193271e-01 6.500000000000000000e+01 -1.668766409283025212e+02 9.453905229945604560e+00 -9.500743865966796875e+01 -8.087326049804687500e+00 4.332011032104492188e+01
8.169127796767540195e-01 4.560000000000000000e+02 1.442483964081180545e+02 -1.437384037279088311e-01 -8.677407073974609375e+01 3.654341888427734375e+01 3.411146926879882812e+01
8.169254950570896678e-01 4.880000000000000000e+02 1.389095723625757728e+02 5.255436678740181122e+01 -6.726399230957031250e+01 2.634663581848144531e+01 7.809085083007812500e+01
8.186556292086097919e-01 2.710000000000000000e+02 -1.738558571431312885e+02 5.492200328010653720e+01 -7.351214599609375000e+01 8.834596872329711914e-01 7.944041442871093750e+01
8.197760762180625882e-01 3.390000000000000000e+02 1.761698306056655099e+02 5.887244646944412807e+01 -7.044194793701171875e+01 6.186832904815673828e+00 8.151934814453125000e+01
8.198601117068384792e-01 2.410000000000000000e+02 1.719438989576522658e+02 -6.971763691128697538e+00 -9.623078918457031250e+01 1.196145820617675781e+01 2.754738616943359375e+01
8.205338871084000285e-01 1.730000000000000000e+02 -1.611004667520110161e+02 4.251387385656774143e+01 -8.046901702880859375e+01 -8.904232978820800781e+00 7.156594848632812500e+01
8.207208365033662467e-01 7.500000000000000000e+01 -1.637579285179657802e+02 1.426991142368112619e+01 -9.334029388427734375e+01 -1.068827629089355469e+01 4.786118316650390625e+01
8.207389658075415761e-01 3.050000000000000000e+02 -1.783294437532393033e+02 5.713934569991141643e+01 -7.190951538085937500e+01 3.406523227691650391e+00 8.063439941406250000e+01
8.210052306887050122e-01 1.090000000000000000e+02 -1.594937968925537177e+02 3.488262743870497928e+01 -8.438800048828125000e+01 -1.158841514587402344e+01 6.583016204833984375e+01
8.217014898344290330e-01 4.170000000000000000e+02 1.481921598474462769e+02 -3.641371905003285558e+00 -8.879235076904296875e+01 3.332616043090820312e+01 3.074291419982910156e+01
8.224130247203580435e-01 3.380000000000000000e+02 1.602000749711838523e+02 -7.675937249642944771e+00 -9.344990539550781250e+01 2.281743049621582031e+01 2.687426567077636719e+01
8.224979852234917121e-01 3.730000000000000000e+02 1.697746849813591723e+02 6.002229918892712135e+01 -6.911315917968750000e+01 9.178010940551757812e+00 8.208266448974609375e+01
8.239667247673228001e-01 6.000000000000000000e+01 -1.603474656320159681e+02 2.261901532324401742e+01 -8.996343994140625000e+01 -1.286286735534667969e+01 5.548770523071289062e+01
8.242580809780535311e-01 9.400000000000000000e+01 -1.674974082441452481e+02 6.225447827356234143e+00 -9.555260467529296875e+01 -7.603737831115722656e+00 4.023810577392578125e+01
8.243814382630854087e-01 4.280000000000000000e+02 1.627651143853658482e+02 6.050570792786857055e+01 -6.792610168457031250e+01 1.233517932891845703e+01 8.231375122070312500e+01
8.253259112191704272e-01 2.200000000000000000e+02 1.760471638277142574e+02 -6.572119940900572388e+00 -9.668663024902343750e+01 8.061592102050781250e+00 2.792986297607421875e+01
8.263149714445919836e-01 8.300000000000000000e+01 -1.589632154557207571e+02 2.636018717960785906e+01 -8.814053344726562500e+01 -1.348107147216796875e+01 5.876837921142578125e+01
8.266694137543799670e-01 9.600000000000000000e+01 -1.586053133818533070e+02 3.053212139767173028e+01 -8.624582672119140625e+01 -1.307068824768066406e+01 6.230293655395507812e+01
8.268467748388163008e-01 4.290000000000000000e+02 1.555446479491290006e+02 6.027635193481989262e+01 -6.688269042968750000e+01 1.561447811126708984e+01 8.220453643798828125e+01
8.273280322904230655e-01 4.420000000000000000e+02 1.524370295174898047e+02 -6.618306169542810480e+00 -9.058646392822265625e+01 2.966129875183105469e+01 2.788564491271972656e+01
8.281897397100377312e-01 3.170000000000000000e+02 1.647264631492537887e+02 -9.001434811666124247e+00 -9.457353973388671875e+01 1.864731979370117188e+01 2.561032295227050781e+01
8.288388483709585586e-01 1.990000000000000000e+02 1.799044503695841399e+02 -5.585361747682629385e+00 -9.691775512695312500e+01 4.371650695800781250e+00 2.887551307678222656e+01
8.291130880939479031e-01 1.900000000000000000e+02 -1.611108565219433899e+02 4.584561021960065830e+01 -7.835441589355468750e+01 -8.172889709472656250e+00 7.386843872070312500e+01
8.298073549951459071e-01 1.150000000000000000e+02 -1.688671633599143149e+02 3.178893082423587035e+00 -9.605751037597656250e+01 -6.365710258483886719e+00 3.731215286254882812e+01
8.308618517443240314e-01 4.750000000000000000e+02 1.485501175392350319e+02 5.933810116201070883e+01 -6.598371887207031250e+01 1.897286415100097656e+01 8.174977874755859375e+01
8.315251212769656508e-01 1.740000000000000000e+02 -1.765773196621905470e+02 -4.055216437362977544e+00 -9.694349670410156250e+01 9.915360212326049805e-01 3.034496307373046875e+01
8.321826109702671337e-01 1.360000000000000000e+02 -1.708882292062668000e+02 3.976414316215166611e-01 -9.648188018798828125e+01 -4.464478969573974609e+00 3.463323211669921875e+01
8.322651478678062542e-01 1.750000000000000000e+02 -1.734826566386495585e+02 -2.038540703407531129e+00 -9.678842163085937500e+01 -1.983722090721130371e+00 3.228572845458984375e+01
8.322948904272047255e-01 7.600000000000000000e+01 -1.606828943393825284e+02 1.673764397052962849e+01 -9.186346435546875000e+01 -1.321267223358154297e+01 5.015279388427734375e+01
8.327702425510539186e-01 8.600000000000000000e+01 -1.631408193631869779e+02 1.103653769793867490e+01 -9.382928466796875000e+01 -1.143873786926269531e+01 4.482103729248046875e+01
8.336840360096205993e-01 1.470000000000000000e+02 -1.576218565761305967e+02 3.806400010968980041e+01 -8.216183471679687500e+01 -1.227206230163574219e+01 6.829541015625000000e+01
8.339227018220083387e-01 2.240000000000000000e+02 -1.619095429886906743e+02 4.909335053694707796e+01 -7.633216857910156250e+01 -6.948220252990722656e+00 7.598403167724609375e+01
8.342460882455059457e-01 4.000000000000000000e+02 1.569404452425578143e+02 -9.023697608878251231e+00 -9.213899993896484375e+01 2.564130401611328125e+01 2.558913230895996094e+01
8.346435423676529242e-01 4.900000000000000000e+02 1.448242584157812587e+02 -3.765991425841999973e+00 -8.699874877929687500e+01 3.602279281616210938e+01 3.062306022644042969e+01
8.347454758376791073e-01 2.960000000000000000e+02 1.692871470925504127e+02 -9.688226164040274924e+00 -9.544376373291015625e+01 1.439828872680664062e+01 2.495720100402832031e+01
8.368438814260731329e-01 2.580000000000000000e+02 -1.635628952643297964e+02 5.221792294918144250e+01 -7.440843200683593750e+01 -5.292931079864501953e+00 7.789294433593750000e+01
8.390723602558476379e-01 4.690000000000000000e+02 1.490728663075165628e+02 -7.160877222787065399e+00 -8.895943450927734375e+01 3.243881988525390625e+01 2.736650848388671875e+01
8.402443316337856460e-01 2.750000000000000000e+02 1.737816174650764083e+02 -9.734770355593282076e+00 -9.606466674804687500e+01 1.017521190643310547e+01 2.491298675537109375e+01
8.411007422380405441e-01 3.720000000000000000e+02 1.616396821661299441e+02 -1.081408746203417159e+01 -9.343827056884765625e+01 2.136495208740234375e+01 2.388946723937988281e+01
8.418164007566721896e-01 2.920000000000000000e+02 -1.661725780277962201e+02 5.516203262823235320e+01 -7.259067535400390625e+01 -3.259161710739135742e+00 7.957296752929687500e+01
8.420529169954659165e-01 9.100000000000000000e+01 -1.581481513278375246e+02 2.005017878968678602e+01 -9.010614013671875000e+01 -1.502763938903808594e+01 5.318178939819335938e+01
8.427205960921122507e-01 3.260000000000000000e+02 -1.698597162869169495e+02 5.784885116505941483e+01 -7.088656616210937500e+01 -8.935919404029846191e-01 8.100186157226562500e+01
8.431485710537283129e-01 1.300000000000000000e+02 -1.558536827785730452e+02 3.329659700064824079e+01 -8.407669067382812500e+01 -1.460058021545410156e+01 6.456430053710937500e+01
8.432072282091083171e-01 1.720000000000000000e+02 -1.564266253870446803e+02 4.129980692016138022e+01 -7.998295593261718750e+01 -1.231078338623046875e+01 7.069515228271484375e+01
8.433250263836860050e-01 1.070000000000000000e+02 -1.633547321925379947e+02 7.732252703556339313e+00 -9.438504791259765625e+01 -1.139369678497314453e+01 4.167951965332031250e+01
8.443508481000113752e-01 3.600000000000000000e+02 -1.747342582668365765e+02 6.018051050341527031e+01 -6.930331420898437500e+01 1.759926319122314453e+00 8.215866851806640625e+01
8.459818276625445943e-01 4.430000000000000000e+02 1.536310855332392862e+02 -1.000465766904827447e+01 -9.068218994140625000e+01 2.843296623229980469e+01 2.465672683715820312e+01
8.460014660008706722e-01 4.020000000000000000e+02 1.791613134213862679e+02 6.204004300262617022e+01 -6.784736633300781250e+01 4.658962249755859375e+00 8.302447509765625000e+01
8.463934623008662061e-01 2.540000000000000000e+02 1.781062165081828255e+02 -9.158168354372538289e+00 -9.644631958007812500e+01 6.081579208374023438e+00 2.546116065979003906e+01
8.464649793802334621e-01 1.040000000000000000e+02 -1.563582241261421757e+02 2.404611120405707680e+01 -8.815550231933593750e+01 -1.594244289398193359e+01 5.675058746337890625e+01
8.467455051816437095e-01 9.900000000000000000e+01 -1.596796125046964789e+02 1.359081228681751341e+01 -9.229340362548828125e+01 -1.435925483703613281e+01 4.722594070434570312e+01
8.471770235791613590e-01 1.170000000000000000e+02 -1.555184039427558105e+02 2.853563358464293742e+01 -8.611039733886718750e+01 -1.582337093353271484e+01 6.062888336181640625e+01
8.476682533628254745e-01 4.030000000000000000e+02 1.719325467943796468e+02 6.330199732325343831e+01 -6.652414703369140625e+01 7.761760711669921875e+00 8.358283233642578125e+01
8.483561777098005408e-01 4.620000000000000000e+02 1.639018374060246117e+02 6.385539693619086421e+01 -6.533792877197265625e+01 1.102688026428222656e+01 8.382015228271484375e+01
8.484615743534230647e-01 3.510000000000000000e+02 1.664519410819437155e+02 -1.195807796273256507e+01 -9.447847747802734375e+01 1.693517112731933594e+01 2.280863952636718750e+01
8.494080323615622596e-01 2.330000000000000000e+02 -1.778383616263568854e+02 -7.993676808274487122e+00 -9.660453796386718750e+01 2.217408180236816406e+00 2.657089614868164062e+01
8.497396098407882237e-01 1.280000000000000000e+02 -1.642991229332276362e+02 4.468580103448537955e+00 -9.495801544189453125e+01 -1.061794567108154297e+01 3.855232238769531250e+01
8.497566740475409608e-01 2.110000000000000000e+02 -1.558715339425882860e+02 4.457576766386446820e+01 -7.785786437988281250e+01 -1.179929924011230469e+01 7.300625610351562500e+01
8.501109851958370545e-01 4.960000000000000000e+02 1.555937764653062629e+02 6.363425064581183932e+01 -6.429176330566406250e+01 1.441306209564208984e+01 8.372587585449218750e+01
8.530424887043894788e-01 4.010000000000000000e+02 1.584501800887451282e+02 -1.224470934973083480e+01 -9.215163421630859375e+01 2.410144233703613281e+01 2.253853225708007812e+01
8.533487024834223167e-01 2.120000000000000000e+02 -1.741412794995293041e+02 -6.292525364773097429e+00 -9.656061553955078125e+01 -1.322669863700866699e+00 2.819763183593750000e+01
8.543330960590436174e-01 1.580000000000000000e+02 -1.659043707022317165e+02 1.345175515048015580e+00 -9.550260162353515625e+01 -9.164629936218261719e+00 3.554632186889648438e+01
8.552254186009862202e-01 1.910000000000000000e+02 -1.708787927379029554e+02 -4.118764782864655416e+00 -9.634094238281250000e+01 -4.451061725616455078e+00 3.028387260437011719e+01
8.554531003188350358e-01 1.460000000000000000e+02 -1.537340100057501786e+02 3.622777246614367641e+01 -8.190528106689453125e+01 -1.543269348144531250e+01 6.688484191894531250e+01
8.555042008539722742e-01 2.450000000000000000e+02 -1.559757507495295101e+02 4.786545482926759121e+01 -7.579650878906250000e+01 -1.080214691162109375e+01 7.519957733154296875e+01
8.559313813100608570e-01 1.590000000000000000e+02 -1.681148173447559202e+02 -1.546002126812545674e+00 -9.597653961181640625e+01 -7.088481426239013672e+00 3.276018905639648438e+01
8.559350038260133964e-01 3.300000000000000000e+02 1.712781899282039717e+02 -1.244059041727767934e+01 -9.525987243652343750e+01 1.245679187774658203e+01 2.235411071777343750e+01
8.569661214590150733e-01 1.120000000000000000e+02 -1.567075070583379102e+02 1.701615232811872858e+01 -9.045909118652343750e+01 -1.659947586059570312e+01 5.040965270996093750e+01
8.588588986778231682e-01 1.200000000000000000e+02 -1.594461959272649096e+02 1.023969015603384314e+01 -9.284133911132812500e+01 -1.479823207855224609e+01 4.406626510620117188e+01
8.604067148427108069e-01 3.090000000000000000e+02 1.760103451250754460e+02 -1.226577664322817185e+01 -9.578871154785156250e+01 8.034303665161132812e+00 2.251869010925292969e+01
8.606164565683485090e-01 2.790000000000000000e+02 -1.568019863759994621e+02 5.113282084639456571e+01 -7.380989074707031250e+01 -9.369573593139648438e+00 7.724444580078125000e+01
8.606934045020702140e-01 4.260000000000000000e+02 1.634580155697444184e+02 -1.383760346463767021e+01 -9.335823059082031250e+01 1.954582595825195312e+01 2.104298973083496094e+01
8.622842310269827060e-01 1.620000000000000000e+02 -1.527001403270025151e+02 3.099839355820909503e+01 -8.402148437500000000e+01 -1.742942047119140625e+01 6.268907546997070312e+01
8.626454964367453737e-01 1.250000000000000000e+02 -1.544211825047585762e+02 2.117582731470427149e+01 -8.840478515625000000e+01 -1.795150375366210938e+01 5.419718551635742188e+01
8.638913446006850627e-01 3.130000000000000000e+02 -1.584544225029540314e+02 5.433094071612767806e+01 -7.190904998779296875e+01 -7.544773578643798828e+00 7.911064910888671875e+01
8.640855959972753020e-01 1.380000000000000000e+02 -1.530144259969019345e+02 2.590248149944682865e+01 -8.622422790527343750e+01 -1.825971412658691406e+01 5.837234497070312500e+01
8.650375596706570969e-01 4.820000000000000000e+02 1.551773119413190045e+02 -1.332824382249844319e+01 -9.072837829589843750e+01 2.683759307861328125e+01 2.152016448974609375e+01
8.652257871788812116e-01 1.980000000000000000e+02 -1.521581010582444833e+02 3.930244176963952896e+01 -7.974353027343750000e+01 -1.567632007598876953e+01 6.922711181640625000e+01
8.653556883416204659e-01 3.470000000000000000e+02 -1.610790649666946592e+02 5.739849463548676312e+01 -7.010454559326171875e+01 -5.367522239685058594e+00 8.076943969726562500e+01
8.660666128098750693e-01 3.810000000000000000e+02 -1.648588062263232814e+02 6.025460520817647136e+01 -6.840612792968750000e+01 -2.876115083694458008e+00 8.219413757324218750e+01
8.662961699865764365e-01 2.880000000000000000e+02 -1.794596576623284818e+02 -1.145786491294569132e+01 -9.607711791992187500e+01 3.769619703292846680e+00 2.328069877624511719e+01
8.668459529160511545e-01 1.420000000000000000e+02 -1.599177542206769260e+02 6.806427704559117942e+00 -9.345714569091796875e+01 -1.454718685150146484e+01 4.079441833496093750e+01
8.675432058746739283e-01 3.850000000000000000e+02 1.685604832522179777e+02 -1.475437190303476243e+01 -9.429840850830078125e+01 1.487084484100341797e+01 2.018680572509765625e+01
8.676628290077774697e-01 4.440000000000000000e+02 -1.699899760009500085e+02 6.279307759468421324e+01 -6.682255554199218750e+01 -1.084244772791862488e-01 8.336051940917968750e+01
8.690165789267135787e-01 1.330000000000000000e+02 -1.559831333862465499e+02 1.366676106162250903e+01 -9.097124481201171875e+01 -1.755850219726562500e+01 4.729707717895507812e+01
8.690783290370187597e-01 4.830000000000000000e+02 1.752767627592792508e+02 6.635792059395396336e+01 -6.402922821044921875e+01 6.103432178497314453e+00 8.483529663085937500e+01
8.692935778111255951e-01 4.450000000000000000e+02 -1.766191608509080027e+02 6.487942336218775097e+01 -6.536145019531250000e+01 2.897551059722900391e+00 8.424709320068359375e+01
8.701879609700285956e-01 2.670000000000000000e+02 -1.752312886012856268e+02 -1.005978223697120022e+01 -9.614283752441406250e+01 -2.400640547275543213e-01 2.460441207885742188e+01
8.713883475148045399e-01 4.610000000000000000e+02 1.603266308054247418e+02 -1.536301536585023264e+01 -9.209863281250000000e+01 2.220594215393066406e+01 1.962035942077636719e+01
8.724798699320093220e-01 1.430000000000000000e+02 -1.610460633880241801e+02 3.397581848463917531e+00 -9.409417724609375000e+01 -1.362436676025390625e+01 3.752257156372070312e+01
8.726992137566245145e-01 2.320000000000000000e+02 -1.510989336531524430e+02 4.249357723357027083e+01 -7.760560607910156250e+01 -1.539829730987548828e+01 7.155152893066406250e+01
8.732654799627790343e-01 2.460000000000000000e+02 -1.713894882364405134e+02 -8.130040833936515554e+00 -9.600888824462890625e+01 -3.904268980026245117e+00 2.644077110290527344e+01
8.737015803077207154e-01 1.850000000000000000e+02 -1.503746105385369844e+02 3.370322135730632596e+01 -8.189347839355468750e+01 -1.842878532409667969e+01 6.489109039306640625e+01
8.738082355610174989e-01 3.640000000000000000e+02 1.736474468563199025e+02 -1.498491435222754831e+01 -9.497465515136718750e+01 1.018209648132324219e+01 1.997205734252929688e+01
8.757769825496004579e-01 1.830000000000000000e+02 -1.627925496906145497e+02 1.102646979093020729e-01 -9.470825195312500000e+01 -1.205582809448242188e+01 3.435626983642578125e+01
8.760359789646828821e-01 2.250000000000000000e+02 -1.680024570143427809e+02 -5.738823831226846472e+00 -9.570308685302734375e+01 -7.141036987304687500e+00 2.872833251953125000e+01
8.762899270329200796e-01 2.040000000000000000e+02 -1.651230290991006768e+02 -2.964271471403026492e+00 -9.525758361816406250e+01 -9.878454208374023438e+00 3.139439582824707031e+01
8.764586255180439878e-01 1.530000000000000000e+02 -1.531551977309961785e+02 1.789257532491700076e+01 -8.884616851806640625e+01 -1.944994354248046875e+01 5.121542358398437500e+01
8.767398555602637922e-01 2.660000000000000000e+02 -1.505687456902085444e+02 4.577202161824124715e+01 -7.550603485107421875e+01 -1.464633560180664062e+01 7.381900024414062500e+01
8.779336003407878231e-01 4.270000000000000000e+02 1.656509006997985409e+02 -1.671495075562013000e+01 -9.319694519042968750e+01 1.738690376281738281e+01 1.836815071105957031e+01
8.792798808526679499e-01 1.630000000000000000e+02 -1.501375517183147110e+02 2.810549846269606888e+01 -8.420118713378906250e+01 -1.997293472290039062e+01 6.026395034790039062e+01
8.793473962854545523e-01 1.680000000000000000e+02 -1.559377204094584783e+02 1.012658374793359606e+01 -9.159605407714843750e+01 -1.788407516479492188e+01 4.395897293090820312e+01
8.799996110294283636e-01 1.780000000000000000e+02 -1.511424568957519909e+02 2.276518626554582525e+01 -8.655536651611328125e+01 -2.029486656188964844e+01 5.561767578125000000e+01
8.802060325086681347e-01 3.430000000000000000e+02 1.786023211276888674e+02 -1.454051692298268428e+01 -9.539541625976562500e+01 5.583767414093017578e+00 2.038621520996093750e+01
8.811053339037280274e-01 3.000000000000000000e+02 -1.506135297069622254e+02 4.910575143684012289e+01 -7.345909118652343750e+01 -1.345902729034423828e+01 7.599185943603515625e+01
8.835184731314414952e-01 2.190000000000000000e+02 -1.484817219406840536e+02 3.661223907885448625e+01 -7.974549865722656250e+01 -1.889156723022460938e+01 6.718300628662109375e+01
8.847506517077999844e-01 3.340000000000000000e+02 -1.513151130492669267e+02 5.245805047757551165e+01 -7.147836303710937500e+01 -1.187071323394775391e+01 7.803434753417968750e+01
8.848413130039154417e-01 4.520000000000000000e+02 1.710417964907197756e+02 -1.735895792062754595e+01 -9.402207946777343750e+01 1.248689651489257812e+01 1.777471733093261719e+01
8.853271586715212305e-01 3.220000000000000000e+02 -1.766870098958982567e+02 -1.345380603516298024e+01 -9.557489013671875000e+01 1.176388740539550781e+00 2.140244102478027344e+01
8.856767324043268719e-01 3.680000000000000000e+02 -1.527982931976635257e+02 5.578431009606851632e+01 -6.957662200927734375e+01 -9.914055824279785156e+00 7.991288757324218750e+01
8.866636055009881057e-01 1.690000000000000000e+02 -1.565386148277092673e+02 6.504173208835362985e+00 -9.228884887695312500e+01 -1.756328582763671875e+01 4.050507736206054688e+01
8.873648242733407354e-01 4.180000000000000000e+02 -1.552410822705519138e+02 5.902726404661671467e+01 -6.776564788818359375e+01 -7.621437072753906250e+00 8.159630584716796875e+01
8.873895009049668214e-01 4.190000000000000000e+02 -1.588838767127655842e+02 6.210994473906096403e+01 -6.605614471435546875e+01 -5.025719642639160156e+00 8.305602264404296875e+01
8.879323748996210686e-01 1.520000000000000000e+02 -1.525470420710048245e+02 1.431963662200537790e+01 -8.943922424316406250e+01 -2.038659477233886719e+01 4.790762329101562500e+01
8.889076300101934613e-01 3.010000000000000000e+02 -1.723189104565995819e+02 -1.177617131497610004e+01 -9.553270721435546875e+01 -2.945310115814208984e+00 2.298020935058593750e+01
8.889809488121410697e-01 4.700000000000000000e+02 -1.640246011524162384e+02 6.492621207323111321e+01 -6.445764923095703125e+01 -2.160644292831420898e+00 8.426622009277343750e+01
8.891702177962330644e-01 4.950000000000000000e+02 1.625722082790130116e+02 -1.834722562125120859e+01 -9.196695709228515625e+01 1.997787284851074219e+01 1.686812973022460938e+01
8.905170280209813161e-01 2.060000000000000000e+02 -1.476450121959315709e+02 3.059816689168291148e+01 -8.211180877685546875e+01 -2.115688705444335938e+01 6.235774612426757812e+01
8.907175843843271323e-01 2.530000000000000000e+02 -1.469995346893593364e+02 3.969230253541812203e+01 -7.759574890136718750e+01 -1.886253738403320312e+01 6.951705169677734375e+01
8.911762754288801158e-01 4.100000000000000000e+02 1.763764707157407088e+02 -1.729176942170857600e+01 -9.457884216308593750e+01 7.612191677093505859e+00 1.783653450012207031e+01
8.912208607273204297e-01 1.960000000000000000e+02 -1.577583495121029671e+02 2.897789715832141066e+00 -9.300603485107421875e+01 -1.659480094909667969e+01 3.704161453247070312e+01
8.928266457379733234e-01 1.790000000000000000e+02 -1.499151840295839122e+02 1.924407579780035249e+01 -8.707114410400390625e+01 -2.185404586791992188e+01 5.245012664794921875e+01
8.933908071364735637e-01 1.930000000000000000e+02 -1.482134431568069317e+02 2.473377362961059944e+01 -8.459189605712890625e+01 -2.213904953002929688e+01 5.735418701171875000e+01
8.934250804920023104e-01 2.800000000000000000e+02 -1.683725757460208570e+02 -9.573569877323912181e+00 -9.529354858398437500e+01 -6.694411277770996094e+00 2.506614685058593750e+01
8.948101402833981144e-01 4.740000000000000000e+02 1.682154606971146222e+02 -1.941359161944522427e+01 -9.294268035888671875e+01 1.491648006439208984e+01 1.589570713043212891e+01
8.948751851517147138e-01 2.170000000000000000e+02 -1.595739197909284144e+02 -6.006164286865178781e-01 -9.370510101318359375e+01 -1.499064636230468750e+01 3.367115402221679688e+01
8.948825133621520767e-01 2.870000000000000000e+02 -1.459321647260257748e+02 4.291310390773330141e+01 -7.546148681640625000e+01 -1.837479400634765625e+01 7.184865570068359375e+01
8.956975743701287573e-01 2.380000000000000000e+02 -1.619644107333956811e+02 -3.902633826434739106e+00 -9.434497833251953125e+01 -1.277689266204833984e+01 3.049166297912597656e+01
8.959390305909842311e-01 2.590000000000000000e+02 -1.649071267371868998e+02 -6.921840084939442583e+00 -9.488659667968750000e+01 -9.993629455566406250e+00 2.759514808654785156e+01
8.962213995167671587e-01 1.880000000000000000e+02 -1.525761072683677639e+02 1.056565009143812617e+01 -9.014354705810546875e+01 -2.072147560119628906e+01 4.437525177001953125e+01
8.982481093625973578e-01 3.770000000000000000e+02 -1.784700536447017782e+02 -1.653365921882561906e+01 -9.487792968750000000e+01 2.866617679595947266e+00 1.853557205200195312e+01
9.003947763677677685e-01 3.210000000000000000e+02 -1.453069050943443017e+02 4.624551326582982824e+01 -7.335904693603515625e+01 -1.745613288879394531e+01 7.413594818115234375e+01
9.010594074348443616e-01 2.400000000000000000e+02 -1.454959003279421665e+02 3.333669839953030589e+01 -7.997824859619140625e+01 -2.185322380065917969e+01 6.459659576416015625e+01
9.022537154755452260e-01 4.530000000000000000e+02 1.738850213690210751e+02 -1.973968568179860128e+01 -9.363936614990234375e+01 9.816596031188964844e+00 1.559959506988525391e+01
9.022962420508833237e-01 3.550000000000000000e+02 -1.451765083641420802e+02 4.965986500904840284e+01 -7.130379486083984375e+01 -1.613231658935546875e+01 7.633951568603515625e+01
9.028518439333867995e-01 3.560000000000000000e+02 -1.736122892156200237e+02 -1.512709622948066723e+01 -9.493565368652343750e+01 -1.650666356086730957e+00 1.983972930908203125e+01
9.033450263791193979e-01 2.090000000000000000e+02 -1.532211240053292727e+02 6.728623655435750806e+00 -9.091821289062500000e+01 -2.042792129516601562e+01 4.071995544433593750e+01
9.034133620129568554e-01 2.010000000000000000e+02 -1.493240209991812719e+02 1.544777715355392012e+01 -8.773711395263671875e+01 -2.287450981140136719e+01 4.895839691162109375e+01
9.045869191734376979e-01 2.270000000000000000e+02 -1.455845885980905337e+02 2.702258105046121983e+01 -8.254109191894531250e+01 -2.352248954772949219e+01 5.933874511718750000e+01
9.051580340500096078e-01 2.140000000000000000e+02 -1.469363729222557993e+02 2.099250863172720116e+01 -8.516636657714843750e+01 -2.384680747985839844e+01 5.403233718872070312e+01
9.053455103516159230e-01 3.920000000000000000e+02 -1.456259130803188953e+02 5.312381163318010380e+01 -6.931012725830078125e+01 -1.442885971069335938e+01 7.842236328125000000e+01
9.071952939461671583e-01 2.740000000000000000e+02 -1.436723756515737023e+02 3.628517265009106296e+01 -7.782062530517578125e+01 -2.208887672424316406e+01 6.692945098876953125e+01
9.074036066992050564e-01 4.910000000000000000e+02 -1.520755488265848783e+02 6.337302248859379716e+01 -6.382693099975585938e+01 -7.309894561767578125e+00 8.361354827880859375e+01
9.074714739575746592e-01 3.930000000000000000e+02 -1.467839791046676794e+02 5.659925928625846581e+01 -6.739142608642578125e+01 -1.237201690673828125e+01 8.034990692138671875e+01
9.075594095531100969e-01 3.350000000000000000e+02 -1.691449871012741539e+02 -1.313273008151520571e+01 -9.477357482910156250e+01 -5.847292423248291016e+00 2.170359420776367188e+01
9.076499225518567249e-01 4.570000000000000000e+02 -1.488414338493395519e+02 6.003776354857245678e+01 -6.555996704101562500e+01 -9.989332199096679688e+00 8.209011077880859375e+01
9.091617726024492363e-01 4.110000000000000000e+02 1.794447387727847172e+02 -1.933140106512933798e+01 -9.406423187255859375e+01 4.784965038299560547e+00 1.597043514251708984e+01
9.094718750398880225e-01 2.300000000000000000e+02 -1.544638054375807599e+02 2.899390864080613195e+00 -9.172194671630859375e+01 -1.949382972717285156e+01 3.704315567016601562e+01
9.116010885846623779e-01 3.140000000000000000e+02 -1.651391279964753664e+02 -1.062401041962128367e+01 -9.441806030273437500e+01 -9.639657020568847656e+00 2.406946182250976562e+01
9.123448733537874444e-01 2.220000000000000000e+02 -1.493513377044637309e+02 1.147460297549967656e+01 -8.851677703857421875e+01 -2.330699920654296875e+01 4.523511123657226562e+01
9.125445856541125611e-01 2.510000000000000000e+02 -1.562897619486618339e+02 -8.353619473375601956e-01 -9.251354980468750000e+01 -1.792223167419433594e+01 3.344493103027343750e+01
9.134207302994931110e-01 3.080000000000000000e+02 -1.421727532137322214e+02 3.941270600102467370e+01 -7.565760803222656250e+01 -2.188422012329101562e+01 6.930928039550781250e+01
9.135849402484490511e-01 2.930000000000000000e+02 -1.616430474966331019e+02 -7.681911769758903219e+00 -9.389965820312500000e+01 -1.295469379425048828e+01 2.686855888366699219e+01
9.141502756754348313e-01 2.720000000000000000e+02 -1.586870843487344303e+02 -4.390701729542326959e+00 -9.325248718261718750e+01 -1.573142623901367188e+01 3.002251052856445312e+01
9.152739957864841625e-01 2.610000000000000000e+02 -1.432293337194298317e+02 2.958632297787173115e+01 -8.042585754394531250e+01 -2.446543502807617188e+01 6.151400756835937500e+01
9.154287162115404275e-01 4.360000000000000000e+02 -1.752371643883979857e+02 -1.822007036026142757e+01 -9.423029327392578125e+01 -7.511729001998901367e-02 1.698449134826660156e+01
9.156635930895550279e-01 2.350000000000000000e+02 -1.462934279227186494e+02 1.698210161774810700e+01 -8.589395904541015625e+01 -2.502758979797363281e+01 5.037826919555664062e+01
9.170278707472738766e-01 2.480000000000000000e+02 -1.441920834576831396e+02 2.308123304077612659e+01 -8.315763854980468750e+01 -2.544132804870605469e+01 5.589821624755859375e+01
9.177674021142030458e-01 4.870000000000000000e+02 1.770760383014954868e+02 -2.186399980325140291e+01 -9.314132690429687500e+01 6.894194126129150391e+00 1.368581199645996094e+01
9.181250143565022892e-01 3.420000000000000000e+02 -1.410097876919161024e+02 4.269163695542810188e+01 -7.350673675537109375e+01 -2.125712203979492188e+01 7.169205474853515625e+01
9.190388184374025382e-01 2.430000000000000000e+02 -1.499786708575980470e+02 7.414695049228542167e+00 -8.937184143066406250e+01 -2.311677742004394531e+01 4.137613677978515625e+01
9.208125354301415211e-01 3.940000000000000000e+02 -1.702744384498812735e+02 -1.645935765178693089e+01 -9.415604400634765625e+01 -4.666001796722412109e+00 1.860423469543457031e+01
9.216204989725622632e-01 3.760000000000000000e+02 -1.402119968228864479e+02 4.609614039371263772e+01 -7.138449859619140625e+01 -2.022513198852539062e+01 7.403625488281250000e+01
9.221658373896557404e-01 4.340000000000000000e+02 -1.398278937114680787e+02 4.960080005556115168e+01 -6.930642700195312500e+01 -1.880671119689941406e+01 7.630264282226562500e+01
9.232329058167876301e-01 2.950000000000000000e+02 -1.411341915587318852e+02 3.238815668883972165e+01 -7.826686859130859375e+01 -2.498019409179687500e+01 6.382871627807617188e+01
9.245560451226446652e-01 4.660000000000000000e+02 -1.771728859118777279e+02 -2.107461713273388781e+01 -9.342378234863281250e+01 1.738588094711303711e+00 1.439380168914794922e+01
9.247472387348667500e-01 3.690000000000000000e+02 -1.657546076975612266e+02 -1.411960373503983135e+01 -9.386505126953125000e+01 -8.897760391235351562e+00 2.077925491333007812e+01
9.248498264864865037e-01 2.640000000000000000e+02 -1.511911505259368482e+02 3.352674545175769349e+00 -9.026273345947265625e+01 -2.228436851501464844e+01 3.747936630249023438e+01
9.251246120443770149e-01 2.560000000000000000e+02 -1.462636077141025623e+02 1.279412025194105951e+01 -8.674091339111328125e+01 -2.562626838684082031e+01 4.647838211059570312e+01
9.255440896321502908e-01 4.780000000000000000e+02 -1.406466353816527715e+02 5.680048285250095574e+01 -6.534002685546875000e+01 -1.489272212982177734e+01 8.045638275146484375e+01
9.256765846783054918e-01 4.350000000000000000e+02 -1.399337473810784047e+02 5.317898923128444721e+01 -6.728708648681640625e+01 -1.702190399169921875e+01 7.845425415039062500e+01
9.266774297012527750e-01 2.690000000000000000e+02 -1.434454087738934049e+02 1.887035136480600883e+01 -8.393356323242187500e+01 -2.684073638916015625e+01 5.210968399047851562e+01
9.272815498718035565e-01 2.820000000000000000e+02 -1.416672698638461441e+02 2.546580387065344553e+01 -8.106732177734375000e+01 -2.664139175415039062e+01 5.799307250976562500e+01
9.279559953782543502e-01 3.480000000000000000e+02 -1.617373873623660927e+02 -1.128144646356517811e+01 -9.338536071777343750e+01 -1.269009304046630859e+01 2.344738960266113281e+01
9.281969625660574374e-01 2.850000000000000000e+02 -1.529789210989884509e+02 -6.297496570888532208e-01 -9.114918518066406250e+01 -2.080594062805175781e+01 3.364307785034179688e+01
9.284158742948744880e-01 3.290000000000000000e+02 -1.392948115243179075e+02 3.539694307710306731e+01 -7.608329010009765625e+01 -2.507603645324707031e+01 6.623550415039062500e+01
9.300352794883093299e-01 3.270000000000000000e+02 -1.582584789513148849e+02 -8.030112661957762299e+00 -9.274896240234375000e+01 -1.597402954101562500e+01 2.653612327575683594e+01
9.302483632817832859e-01 3.060000000000000000e+02 -1.553362333254812881e+02 -4.451448927393053978e+00 -9.199102783203125000e+01 -1.869338035583496094e+01 2.996413803100585938e+01
9.303486871416803972e-01 4.370000000000000000e+02 -1.717341798188205075e+02 -1.957615705483519619e+01 -9.344763183593750000e+01 -3.199867248535156250e+00 1.574801445007324219e+01
9.325992076978862899e-01 2.770000000000000000e+02 -1.468265010025482695e+02 8.512883581215472617e+00 -8.767088317871093750e+01 -2.560217666625976562e+01 4.242431640625000000e+01
9.339066252102288246e-01 3.630000000000000000e+02 -1.377149057303508357e+02 3.858556885408064119e+01 -7.389316558837890625e+01 -2.476176261901855469e+01 6.868975830078125000e+01
9.350410993694158179e-01 3.160000000000000000e+02 -1.393532396810203124e+02 2.810961757800803440e+01 -7.891570281982421875e+01 -2.744722175598144531e+01 6.026745223999023438e+01
9.363721034372226582e-01 3.950000000000000000e+02 -1.667161769078106772e+02 -1.743439131673079601e+01 -9.323362731933593750e+01 -7.825287342071533203e+00 1.770534133911132812e+01
9.365123533711356973e-01 2.900000000000000000e+02 -1.433161037825141761e+02 1.447733211183831870e+01 -8.483718109130859375e+01 -2.766092300415039062e+01 4.805483245849609375e+01
9.373395121696099785e-01 4.080000000000000000e+02 -1.364068889767243604e+02 4.192983271951919733e+01 -7.171360015869140625e+01 -2.404714965820312500e+01 7.114910888671875000e+01
9.376358949978528257e-01 3.030000000000000000e+02 -1.407745976727902928e+02 2.107026387999290407e+01 -8.187689971923828125e+01 -2.830490875244140625e+01 5.410228347778320312e+01
9.380630566947847360e-01 2.980000000000000000e+02 -1.479669232682236384e+02 4.217791368821155906e+00 -8.864553070068359375e+01 -2.492984580993652344e+01 3.831131362915039062e+01
9.400461742078261018e-01 4.090000000000000000e+02 -1.353940411727708408e+02 4.540746430913084453e+01 -6.956082916259765625e+01 -2.294377708435058594e+01 7.357312774658203125e+01
9.404118434089958622e-01 4.200000000000000000e+02 -1.621947792847871881e+02 -1.472924901275947285e+01 -9.280732727050781250e+01 -1.205040168762207031e+01 2.021022224426269531e+01
9.416511973891300569e-01 3.500000000000000000e+02 -1.372456058343483960e+02 3.098155670097346359e+01 -7.672177886962890625e+01 -2.785840225219726562e+01 6.267516326904296875e+01
9.417205953084892833e-01 4.650000000000000000e+02 -1.347145329148459609e+02 4.899725003558609870e+01 -6.745022583007812500e+01 -2.146550178527832031e+01 7.592332458496093750e+01
9.420309420216165242e-01 3.190000000000000000e+02 -1.496766153827067285e+02 -1.409873703070074411e-02 -8.962532806396484375e+01 -2.359947204589843750e+01 3.423641204833984375e+01
9.433496753497596643e-01 3.820000000000000000e+02 -1.582153681455420156e+02 -1.154760039456505538e+01 -9.219858551025390625e+01 -1.579837131500244141e+01 2.319595146179199219e+01
9.433983094003441927e-01 4.990000000000000000e+02 -1.344283283505338034e+02 5.267788478051317469e+01 -6.539629364013671875e+01 -1.962869644165039062e+01 7.816312408447265625e+01
9.442364538785346095e-01 3.110000000000000000e+02 -1.437783978986016393e+02 9.982222901955058347e+00 -8.583366394042968750e+01 -2.785607719421386719e+01 4.382197952270507812e+01
9.442985428742112219e-01 3.610000000000000000e+02 -1.547995279668446926e+02 -7.977695220542519117e+00 -9.144081115722656250e+01 -1.900440025329589844e+01 2.658614921569824219e+01
9.443473344892557853e-01 3.400000000000000000e+02 -1.519535763249863578e+02 -4.105667561903015184e+00 -9.057027435302734375e+01 -2.161708450317382812e+01 3.029646301269531250e+01
9.450799312012897468e-01 3.370000000000000000e+02 -1.382775051008939045e+02 2.354622508002446324e+01 -7.974330139160156250e+01 -2.941031265258789062e+01 5.630977249145507812e+01
9.456669810794526843e-01 4.790000000000000000e+02 -1.680020699098375587e+02 -2.058121024044032055e+01 -9.252629089355468750e+01 -6.466287612915039062e+00 1.483825683593750000e+01
9.468421231359200885e-01 3.240000000000000000e+02 -1.405119764561946454e+02 1.648496904002220376e+01 -8.282466888427734375e+01 -2.939188957214355469e+01 4.991943740844726562e+01
9.468659723727577138e-01 3.840000000000000000e+02 -1.353436762378471769e+02 3.405464489032515729e+01 -7.450358581542968750e+01 -2.787549781799316406e+01 6.517227935791015625e+01
9.493929271325586283e-01 3.320000000000000000e+02 -1.448139299746032123e+02 5.460086017009545323e+00 -8.688571166992187500e+01 -2.739524841308593750e+01 3.950431060791015625e+01
9.503051172051445450e-01 4.510000000000000000e+02 -1.336507609858763317e+02 3.730510112298792791e+01 -7.227837371826171875e+01 -2.750100135803222656e+01 6.771659088134765625e+01
9.505101643368287778e-01 4.580000000000000000e+02 -1.629840729843447491e+02 -1.803965080954946743e+01 -9.216700744628906250e+01 -1.108508491516113281e+01 1.714974212646484375e+01
9.525048848932021750e-01 3.710000000000000000e+02 -1.359515254985660420e+02 2.626747052156500928e+01 -7.755105590820312500e+01 -3.014812278747558594e+01 5.868828201293945312e+01
9.530521626004342384e-01 3.530000000000000000e+02 -1.464134749378995366e+02 9.836431058101681169e-01 -8.795431518554687500e+01 -2.626296043395996094e+01 3.519795989990234375e+01
9.538238471303032151e-01 4.500000000000000000e+02 -1.321752513700600673e+02 4.071169269507490185e+01 -7.006269836425781250e+01 -2.673987388610839844e+01 7.026741790771484375e+01
9.540798961859380256e-01 3.580000000000000000e+02 -1.378531802615607660e+02 1.878297359498132124e+01 -8.072129058837890625e+01 -3.080109024047851562e+01 5.202997589111328125e+01
9.546135883777671083e-01 3.450000000000000000e+02 -1.408453034007407894e+02 1.178702767615735425e+01 -8.387709808349609375e+01 -2.985159683227539062e+01 4.553003311157226562e+01
9.546734284697391271e-01 4.210000000000000000e+02 -1.585138736882590536e+02 -1.495780527878362776e+01 -9.160151672363281250e+01 -1.526042938232421875e+01 1.999729728698730469e+01
9.561471459398664940e-01 4.860000000000000000e+02 -1.309324847518196009e+02 4.425515155566387904e+01 -6.787242126464843750e+01 -2.559986877441406250e+01 7.278554534912109375e+01
9.564022286593967248e-01 3.740000000000000000e+02 -1.485765496972880442e+02 -3.374136769976979533e+00 -8.899961090087890625e+01 -2.445953369140625000e+01 3.099998474121093750e+01
9.564785985721542261e-01 4.470000000000000000e+02 -1.546199724374494053e+02 -1.142728784006786036e+01 -9.086145019531250000e+01 -1.891922950744628906e+01 2.330958175659179688e+01
9.570567117822118552e-01 4.040000000000000000e+02 -1.513091948931878790e+02 -7.537728527003075385e+00 -8.998168182373046875e+01 -2.200108718872070312e+01 2.700629425048828125e+01
9.575653671666686240e-01 4.240000000000000000e+02 -1.337947922896934188e+02 2.920703327789058434e+01 -7.531775665283203125e+01 -3.051147651672363281e+01 6.119552612304687500e+01
9.593486930623851272e-01 3.660000000000000000e+02 -1.417504556453439477e+02 7.047964365531485420e+00 -8.499779510498046875e+01 -2.964770698547363281e+01 4.102550506591796875e+01
9.609307087843931283e-01 3.980000000000000000e+02 -1.353401572410342055e+02 2.134125592835606611e+01 -7.854427337646484375e+01 -3.187244033813476562e+01 5.434577178955078125e+01
9.621324356015931167e-01 4.250000000000000000e+02 -1.318064255884581542e+02 3.234106358242231494e+01 -7.306044006347656250e+01 -3.049609947204589844e+01 6.379038238525390625e+01
9.621991560571148128e-01 3.790000000000000000e+02 -1.380348567933265258e+02 1.389528605074242762e+01 -8.181739044189453125e+01 -3.156387329101562500e+01 4.751098251342773438e+01
9.639556941091417253e-01 3.890000000000000000e+02 -1.432148983031499938e+02 2.336521865450654545e+00 -8.614821624755859375e+01 -2.875909233093261719e+01 3.650124740600585938e+01
9.641286097970469537e-01 4.920000000000000000e+02 -1.591275788500031467e+02 -1.826739402525558020e+01 -9.095600128173828125e+01 -1.440273571014404297e+01 1.694117546081542969e+01
9.658010228309477085e-01 4.730000000000000000e+02 -1.299871293355001853e+02 3.564833123901213696e+01 -7.079563140869140625e+01 -3.010064888000488281e+01 6.643269348144531250e+01
9.666141959520371252e-01 4.710000000000000000e+02 -1.547601824121954337e+02 -1.480605614716337826e+01 -9.024974060058593750e+01 -1.848443031311035156e+01 2.013864135742187500e+01
9.666491279099054257e-01 3.990000000000000000e+02 -1.329719701175851583e+02 2.413293253670607896e+01 -7.631040954589843750e+01 -3.259245300292968750e+01 5.682697677612304688e+01
9.667417385732641755e-01 4.300000000000000000e+02 -1.452374197222318060e+02 -2.278524207026206394e+00 -8.728856658935546875e+01 -2.718029022216796875e+01 3.205460357666015625e+01
9.676051297467387347e-01 4.140000000000000000e+02 -1.387900675800335080e+02 8.951920214002237586e+00 -8.299603271484375000e+01 -3.165689849853515625e+01 4.284254074096679688e+01
9.684886686487850227e-01 4.050000000000000000e+02 -1.478262315015632851e+02 -6.725803994898989835e+00 -8.837858581542968750e+01 -2.492167282104492188e+01 2.778274345397949219e+01
9.686638894961320245e-01 4.460000000000000000e+02 -1.509955578082611680e+02 -1.092914271617198274e+01 -8.937847900390625000e+01 -2.200929832458496094e+01 2.378057098388671875e+01
9.692739318181911035e-01 4.410000000000000000e+02 -1.353513948399887852e+02 1.627788893550818727e+01 -7.967037200927734375e+01 -3.297063064575195312e+01 4.972796249389648438e+01
9.704054578106400264e-01 4.600000000000000000e+02 -1.307466561619421554e+02 2.713392089740140989e+01 -7.403617095947265625e+01 -3.295062255859375000e+01 5.943428802490234375e+01
9.727379949718791829e-01 3.880000000000000000e+02 -1.401007255337301842e+02 4.018088405062316681e+00 -8.421917724609375000e+01 -3.105324745178222656e+01 3.811934280395507812e+01
9.745461872777558821e-01 4.400000000000000000e+02 -1.327963423085777492e+02 1.890823308747660292e+01 -7.745174407958984375e+01 -3.405250549316406250e+01 5.214422607421875000e+01
9.751563275668897468e-01 4.940000000000000000e+02 -1.286617056233128835e+02 3.032258514460575327e+01 -7.173777008056640625e+01 -3.293968582153320312e+01 6.212880706787109375e+01
9.757447399303635915e-01 4.310000000000000000e+02 -1.419626737698118291e+02 -8.415610217255865555e-01 -8.544710540771484375e+01 -2.974149703979492188e+01 3.343895721435546875e+01
9.759814612344086537e-01 4.150000000000000000e+02 -1.359417676419053578e+02 1.114420959002597300e+01 -8.089466857910156250e+01 -3.339532089233398438e+01 4.492287063598632812e+01
9.775381302792927052e-01 4.630000000000000000e+02 -1.443840465331813050e+02 -5.560088712205063288e+00 -8.663926696777343750e+01 -2.772603416442871094e+01 2.889975547790527344e+01
9.783530571816669852e-01 4.840000000000000000e+02 -1.473823769039099432e+02 -1.006572556132094576e+01 -8.775516510009765625e+01 -2.502708053588867188e+01 2.459877204895019531e+01
9.789357753625707037e-01 4.810000000000000000e+02 -1.303686358682573996e+02 2.176200436326419663e+01 -7.517716979980468750e+01 -3.479335784912109375e+01 5.472292709350585938e+01
9.813450797530564040e-01 4.550000000000000000e+02 -1.370853073904601445e+02 6.002390937948082872e+00 -8.217965698242187500e+01 -3.311363601684570312e+01 4.002435302734375000e+01
9.824015109367927323e-01 4.680000000000000000e+02 -1.332103821644311665e+02 1.359873617909392784e+01 -7.870808410644531250e+01 -3.483852767944335938e+01 4.723336410522460938e+01
9.863925569285503236e-01 4.760000000000000000e+02 -1.387727703296995401e+02 9.131951069023548362e-01 -8.348578643798828125e+01 -3.210795211791992188e+01 3.513007354736328125e+01
9.885983245151551690e-01 4.970000000000000000e+02 -1.410099354919396433e+02 -4.060968162561210626e+00 -8.477226257324218750e+01 -3.037639617919921875e+01 3.033943367004394531e+01
9.921378618169383046e-01 4.890000000000000000e+02 -1.341778227658509479e+02 8.264180074789161168e+00 -8.004252624511718750e+01 -3.491146087646484375e+01 4.218718719482421875e+01
