5.610522649885227864e-01 2.860000000000000000e+02 -4.225980152245785604e+00 1.605384875650127441e+00 9.539541625976562500e+01 -3.107307243347167969e+01 -6.174134731292724609e+00
5.612036833044385942e-01 2.520000000000000000e+02 -2.647451360608296334e+00 3.692111806895110870e+00 9.539326477050781250e+01 -2.911801719665527344e+01 -3.594112396240234375e+00
5.612394493188646027e-01 1.970000000000000000e+02 2.679209119862325794e-01 2.578439129714440448e+00 9.554341888427734375e+01 -2.551770782470703125e+01 -4.970517635345458984e+00
5.616305162392725148e-01 1.470000000000000000e+02 2.265011570866717339e+00 4.252204330560970469e+00 9.536552429199218750e+01 -2.305384254455566406e+01 -2.902504920959472656e+00
5.617685671187642171e-01 3.200000000000000000e+02 -5.540745278576062915e+00 -7.015232087517000448e-01 9.527935791015625000e+01 -3.269606781005859375e+01 -9.029314994812011719e+00
5.618664063865090874e-01 2.180000000000000000e+02 -8.056468333618517219e-01 5.518984039885850734e+00 9.528026580810546875e+01 -2.684156417846679688e+01 -1.340229392051696777e+00
5.624925107033353910e-01 3.820000000000000000e+02 -8.045077394477610611e+00 4.295325577169263886e-01 9.491605377197265625e+01 -3.577412796020507812e+01 -7.629334926605224609e+00
5.624960018331721656e-01 3.410000000000000000e+02 -6.756164645874230601e+00 2.844162809625673471e+00 9.503676605224609375e+01 -3.418205261230468750e+01 -4.641976356506347656e+00
5.626898877661081766e-01 3.070000000000000000e+02 -5.222786450096338129e+00 5.050158006010930123e+00 9.504739379882812500e+01 -3.227968978881835938e+01 -1.918068289756774902e+00
5.628103176156193932e-01 3.830000000000000000e+02 -9.085718730622257766e+00 -2.162713471255204745e+00 9.467630004882812500e+01 -3.704013824462890625e+01 -1.083734416961669922e+01
5.632756047779647890e-01 2.730000000000000000e+02 -3.449986193471603180e+00 7.013579582298849147e+00 9.495775604248046875e+01 -3.008483505249023438e+01 4.986568689346313477e-01
5.632928185733567794e-01 1.840000000000000000e+02 1.299955329225285006e+00 7.039897216348109943e+00 9.506322479248046875e+01 -2.425219917297363281e+01 5.309882164001464844e-01
5.634337899156693918e-01 1.290000000000000000e+02 4.594580804290518294e+00 5.579654953483015767e+00 9.505316162109375000e+01 -2.019489479064941406e+01 -1.265483260154724121e+00
5.636458808948062726e-01 4.640000000000000000e+02 -1.140939781728855884e+01 -9.069362428267012666e-01 9.420581817626953125e+01 -3.987650299072265625e+01 -9.283547401428222656e+00
5.640949423062293633e-01 2.390000000000000000e+02 -1.444728020074785624e+00 8.696798338488394009e+00 9.477829742431640625e+01 -2.761651802062988281e+01 2.562499523162841797e+00
5.641011776681110756e-01 4.250000000000000000e+02 -1.035059532709769847e+01 1.781105233276511379e+00 9.442819976806640625e+01 -3.858510971069335938e+01 -5.956725120544433594e+00
5.642735626290309447e-01 2.310000000000000000e+02 -1.419379620282539278e+00 6.197542464079178748e-01 9.559009552001953125e+01 -2.760560798645019531e+01 -7.393890857696533203e+00
5.642970259940203182e-01 4.980000000000000000e+02 -1.222666244587264117e+01 -3.740980862140847130e+00 9.385966491699218750e+01 -4.083640670776367188e+01 -1.278824996948242188e+01
5.643312380067860845e-01 4.240000000000000000e+02 -9.053983133309664311e+00 4.296874554451168393e+00 9.453551483154296875e+01 -3.697795486450195312e+01 -2.847366571426391602e+00
5.647776130282506912e-01 3.620000000000000000e+02 -7.524080140104195458e+00 6.612266300505074135e+00 9.453768920898437500e+01 -3.507369613647460938e+01 5.425526760518550873e-03
5.649347815108860527e-01 1.620000000000000000e+02 3.673156500782049250e+00 8.198701187487955622e+00 9.474696350097656250e+01 -2.135196304321289062e+01 1.952653169631958008e+00
5.652878792620932291e-01 3.280000000000000000e+02 -5.767295234990446495e+00 8.697097230195138806e+00 9.444567871093750000e+01 -3.289369201660156250e+01 2.562865972518920898e+00
5.657026977891379538e-01 2.050000000000000000e+02 7.837930515817890242e-01 1.005721486109856500e+01 9.451969909667968750e+01 -2.489376831054687500e+01 4.223866462707519531e+00
5.657464597791264094e-01 2.940000000000000000e+02 -3.793039188590622057e+00 1.051884946157221101e+01 9.427144622802734375e+01 -3.046170616149902344e+01 4.786084175109863281e+00
5.661407585272344445e-01 4.850000000000000000e+02 -1.247692546475171582e+01 3.324337505990336172e+00 9.382456970214843750e+01 -4.114522933959960938e+01 -4.048484802246093750e+00
5.664706537470158842e-01 9.500000000000000000e+01 7.304622428306632997e+00 6.475735226141334344e+00 9.459160614013671875e+01 -1.688943481445312500e+01 -1.624706536531448364e-01
5.665584703784012355e-01 4.510000000000000000e+02 -1.114822423879674673e+01 5.933774239036702980e+00 9.390494537353515625e+01 -3.948775863647460938e+01 -8.293704986572265625e-01
5.670283679885916861e-01 2.600000000000000000e+02 -1.614720026312926215e+00 1.204231846335025402e+01 9.402777862548828125e+01 -2.780343818664550781e+01 6.635330200195312500e+00
5.671921527562777676e-01 3.990000000000000000e+02 -9.592298410693315347e+00 8.348582212095170263e+00 9.388339996337890625e+01 -3.754160690307617188e+01 2.136242866516113281e+00
5.676181073932843324e-01 3.980000000000000000e+02 -7.815452148937754195e+00 1.054107925319645211e+01 9.377150726318359375e+01 -3.533014678955078125e+01 4.813135623931884766e+00
5.677606527081560106e-01 1.630000000000000000e+02 3.224797655744733316e+00 1.104481586364544654e+01 9.419217681884765625e+01 -2.193338775634765625e+01 5.425623893737792969e+00
5.683478792593078532e-01 3.490000000000000000e+02 -5.827428051805279452e+00 1.248195103520924576e+01 9.358190917968750000e+01 -3.287949371337890625e+01 7.167085647583007812e+00
5.687278686460899291e-01 1.160000000000000000e+02 6.327584318171647126e+00 8.921415567959071424e+00 9.433119201660156250e+01 -1.812726783752441406e+01 2.837248802185058594e+00
5.688411261307364519e-01 2.260000000000000000e+02 7.495550931196490740e-01 1.322893041539723136e+01 9.372812652587890625e+01 -2.494585609436035156e+01 8.068506240844726562e+00
5.690511366217531064e-01 3.150000000000000000e+02 -3.642675097981512344e+00 1.414032083903020443e+01 9.332820892333984375e+01 -3.021829605102539062e+01 9.164577484130859375e+00
5.692374643971975789e-01 1.080000000000000000e+02 5.960931852529852470e+00 3.272865159363190557e+00 9.511748504638671875e+01 -1.849594879150390625e+01 -4.112091064453125000e+00
5.698301846358682088e-01 4.720000000000000000e+02 -1.145513972994302776e+01 1.023564155732475811e+01 9.309712219238281250e+01 -3.970960235595703125e+01 4.441267490386962891e+00
5.703057942150004944e-01 4.380000000000000000e+02 -9.631668638918222669e+00 1.252327036814472194e+01 9.295275115966796875e+01 -3.743257522583007812e+01 7.217017650604248047e+00
5.706938825899652290e-01 2.810000000000000000e+02 -1.281446055109983995e+00 1.548379558375072484e+01 9.302493286132812500e+01 -2.737746238708496094e+01 1.077221584320068359e+01
5.707291197851755982e-01 1.460000000000000000e+02 3.643297212885839187e+00 1.769067227350127114e+00 9.543893432617187500e+01 -2.134455871582031250e+01 -5.971618652343750000e+00
5.707649343010845477e-01 3.730000000000000000e+02 -7.597928142882508951e+00 1.456670180094812217e+01 9.273367309570312500e+01 -3.492465972900390625e+01 9.675870895385742188e+00
5.715351256516999490e-01 3.720000000000000000e+02 -5.368085606627938766e+00 1.633762888933105373e+01 9.245382690429687500e+01 -3.221592330932617188e+01 1.178858375549316406e+01
5.718170638087998192e-01 3.540000000000000000e+02 -6.590778478338040536e+00 -3.193439512032945959e+00 9.503791046142578125e+01 -3.397636413574218750e+01 -1.211175346374511719e+01
5.724182156087005424e-01 4.930000000000000000e+02 -1.124146576633788186e+01 1.462552361100256348e+01 9.200140380859375000e+01 -3.922645568847656250e+01 9.746329307556152344e+00
5.725333197939839192e-01 1.920000000000000000e+02 3.276917012419729769e+00 1.403528027563107550e+01 9.338629913330078125e+01 -2.191610717773437500e+01 9.038470268249511719e+00
5.725627626031276618e-01 1.370000000000000000e+02 5.868735660726666303e+00 1.159695934449509380e+01 9.380411529541015625e+01 -1.874548149108886719e+01 6.095759868621826172e+00
5.726044788930493290e-01 2.650000000000000000e+02 -2.808835561500691025e+00 -1.575007469400332649e+00 9.550403594970703125e+01 -2.932303619384765625e+01 -1.011027908325195312e+01
5.728556843031411550e-01 4.590000000000000000e+02 -9.137265934467063033e+00 1.675695063617770941e+01 9.174277496337890625e+01 -3.663288497924804688e+01 1.228611850738525391e+01
5.732002645671995245e-01 3.360000000000000000e+02 -2.962673102641430578e+00 1.780714881804902916e+01 9.212805938720703125e+01 -2.933891487121582031e+01 1.352733516693115234e+01
5.734342329260959659e-01 4.150000000000000000e+02 -6.833158641581425385e+00 1.862169762062931966e+01 9.142578125000000000e+01 -3.384521484375000000e+01 1.448504734039306641e+01
5.738881872294039344e-01 2.470000000000000000e+02 1.229431215066870697e+00 1.647831934220547723e+01 9.268745422363281250e+01 -2.438984107971191406e+01 1.195563507080078125e+01
5.739467661674566568e-01 6.800000000000000000e+01 8.795148357521162197e+00 4.360729400744050466e+00 9.457918548583984375e+01 -1.503657054901123047e+01 -2.768553018569946289e+00
5.749993832862516641e-01 1.730000000000000000e+02 1.738398462858341542e+00 -5.681135789547631099e-02 9.558332824707031250e+01 -2.369756317138671875e+01 -8.231320381164550781e+00
5.751900207391296149e-01 4.800000000000000000e+02 -8.065415600222745951e+00 2.098112627364578486e+01 9.025890350341796875e+01 -3.513961029052734375e+01 1.723264503479003906e+01
5.752044307664816447e-01 8.200000000000000000e+01 9.305709169752397258e+00 9.096565395702686629e+00 9.380245971679687500e+01 -1.452531242370605469e+01 3.051371812820434570e+00
5.752698745062625463e-01 4.140000000000000000e+02 -4.349243528691582483e+00 2.019277770322997512e+01 9.106533813476562500e+01 -3.089670372009277344e+01 1.631915855407714844e+01
5.754884596685959641e-01 6.700000000000000000e+01 1.051444249415851573e+01 6.800443652473378009e+00 9.393460845947265625e+01 -1.299832916259765625e+01 2.367551624774932861e-01
5.761057835158815976e-01 3.020000000000000000e+02 -4.095698399504875131e-01 1.894618815107601506e+01 9.177211761474609375e+01 -2.632849121093750000e+01 1.486530399322509766e+01
5.762749152418673582e-01 4.430000000000000000e+02 -9.874639109442050255e+00 -4.903918094100461644e+00 9.430958557128906250e+01 -3.796676635742187500e+01 -1.422360038757324219e+01
5.768084851631758436e-01 4.460000000000000000e+02 -5.475391400961694188e+00 2.263314560646319507e+01 8.985562133789062500e+01 -3.209491348266601562e+01 1.913109588623046875e+01
5.780363460990011193e-01 3.570000000000000000e+02 -1.713530415378692773e+00 2.144380402112371442e+01 9.067715454101562500e+01 -2.782287025451660156e+01 1.776653480529785156e+01
5.785773530925977237e-01 1.790000000000000000e+02 5.940945543698760822e+00 1.440980517203063194e+01 9.301598358154296875e+01 -1.873946762084960938e+01 9.487843513488769531e+00
5.796134147525396907e-01 2.130000000000000000e+02 3.856431192394051966e+00 1.708748212719671500e+01 9.233190155029296875e+01 -2.128971481323242188e+01 1.267753028869628906e+01
5.797733250563645857e-01 1.030000000000000000e+02 8.715436466180575437e+00 1.162599496936968357e+01 9.335889434814453125e+01 -1.532316780090332031e+01 6.130963802337646484e+00
5.798215232488751480e-01 3.890000000000000000e+02 -2.725662934040900431e+00 2.396989559020728322e+01 8.942647552490234375e+01 -2.893066978454589844e+01 2.065071678161621094e+01
5.814323655545932112e-01 4.670000000000000000e+02 -3.471973688038791028e+00 2.652029062421235750e+01 8.803706359863281250e+01 -2.969200706481933594e+01 2.350582504272460938e+01
5.817321463595892528e-01 2.680000000000000000e+02 2.255501345079004683e+00 1.972581093315252687e+01 9.140259552001953125e+01 -2.322167587280273438e+01 1.577587223052978516e+01
5.831032316168931473e-01 3.230000000000000000e+02 1.037434018429068905e+00 2.234976160646355936e+01 9.027772521972656250e+01 -2.466140556335449219e+01 1.880700874328613281e+01
5.852513865885637934e-01 3.880000000000000000e+02 1.465760466661101824e-01 2.496836637781093415e+01 8.898767852783203125e+01 -2.568452644348144531e+01 2.177559661865234375e+01
5.866639426077027153e-01 4.310000000000000000e+02 -4.490750812185340668e-01 2.758327063657809219e+01 8.755321502685546875e+01 -2.634167480468750000e+01 2.467760086059570312e+01
5.875841415057297956e-01 4.880000000000000000e+02 -7.670945811423917071e-01 3.019212921062446853e+01 8.598977661132812500e+01 -2.666967010498046875e+01 2.750475502014160156e+01
5.876335596373640779e-01 1.780000000000000000e+02 6.560063507263458327e+00 1.727054993700846452e+01 9.197505950927734375e+01 -1.811206626892089844e+01 1.289401817321777344e+01
5.883068135017055500e-01 4.800000000000000000e+01 1.274615146122835263e+01 8.511133228965931607e+00 9.310654449462890625e+01 -1.037410449981689453e+01 2.335272789001464844e+00
5.884503102011000575e-01 1.240000000000000000e+02 8.715321917131134910e+00 1.428501974655680407e+01 9.262960815429687500e+01 -1.543510437011718750e+01 9.338201522827148438e+00
5.886842407811903044e-01 2.990000000000000000e+02 -3.907006468181905223e+00 -3.964633438072689309e+00 9.528186035156250000e+01 -3.066973304748535156e+01 -1.306445884704589844e+01
5.887864800107613927e-01 2.340000000000000000e+02 4.989207746237468655e+00 2.011709903285774104e+01 9.103697204589843750e+01 -2.005750846862792969e+01 1.623122024536132812e+01
5.892294002163751543e-01 2.100000000000000000e+02 1.971548011285300939e-01 -2.140160032690602510e+00 9.556610870361328125e+01 -2.560513496398925781e+01 -1.080944728851318359e+01
5.902065048098035227e-01 2.890000000000000000e+02 3.858713791141034299e+00 2.288764778281419154e+01 8.988430023193359375e+01 -2.145209693908691406e+01 1.942158508300781250e+01
5.906360382032165290e-01 3.440000000000000000e+02 3.095054070959124548e+00 2.560865635409759378e+01 8.855604553222656250e+01 -2.239599227905273438e+01 2.249218368530273438e+01
5.908915265230856306e-01 5.700000000000000000e+01 1.179865170548765718e+01 1.098463197308364236e+01 9.284569549560546875e+01 -1.161346054077148438e+01 5.352500438690185547e+00
5.916944026399468815e-01 4.080000000000000000e+02 -7.374467417531859859e+00 -5.838513898330528917e+00 9.466452789306640625e+01 -3.490462112426757812e+01 -1.537533855438232422e+01
5.920710904841454125e-01 8.700000000000000000e+01 7.743773870437085094e+00 1.369741041419782812e+00 9.494917297363281250e+01 -1.629573822021484375e+01 -6.465713024139404297e+00
5.922205061272337590e-01 4.000000000000000000e+01 1.242609556965338946e+01 4.860102264011824325e+00 9.370563507080078125e+01 -1.064329433441162109e+01 -2.152437925338745117e+00
5.943811749213074869e-01 1.210000000000000000e+02 5.394285652987314883e+00 -3.336358467169059927e-01 9.530072021484375000e+01 -1.918199348449707031e+01 -8.573967933654785156e+00
5.950853038306690435e-01 4.300000000000000000e+02 2.657940010103015727e+00 2.829092907728563233e+01 8.707759094238281250e+01 -2.295305252075195312e+01 2.545144844055175781e+01
5.962972491225997373e-01 1.530000000000000000e+02 9.296951834929203073e+00 1.697759074307469618e+01 9.163425445556640625e+01 -1.489109706878662109e+01 1.254747390747070312e+01
5.972130058760037885e-01 5.300000000000000000e+01 1.081656842607304903e+01 2.696520323524946416e+00 9.427883148193359375e+01 -1.255451011657714844e+01 -4.824512958526611328e+00
5.980312447245714758e-01 9.000000000000000000e+01 1.158351823320700369e+01 1.355763381765837394e+01 9.223561096191406250e+01 -1.200535488128662109e+01 8.464303970336914062e+00
5.982834892290520568e-01 2.000000000000000000e+02 7.741649248226400104e+00 2.009005192575484955e+01 9.069373321533203125e+01 -1.687689971923828125e+01 1.619978332519531250e+01
5.984324564174610117e-01 2.550000000000000000e+02 6.697969924421377286e+00 2.303668950783252711e+01 8.951500701904296875e+01 -1.823684501647949219e+01 1.959145164489746094e+01
5.993246821603072094e-01 4.770000000000000000e+02 -1.040794821378795731e+01 -7.767309399912996959e+00 9.380913543701171875e+01 -3.854354476928710938e+01 -1.774585723876953125e+01
6.010525703667968234e-01 3.100000000000000000e+02 6.065541345920569150e+00 2.587476218027260799e+01 8.814904785156250000e+01 -1.910642051696777344e+01 2.278887939453125000e+01
6.013312420250120915e-01 4.540000000000000000e+02 2.525865119087578048e+00 3.093723734935169389e+01 8.546717834472656250e+01 -2.316818618774414062e+01 2.829888725280761719e+01
6.040147494529650718e-01 3.100000000000000000e+01 1.462917775619579963e+01 6.226399093098748061e+00 9.291203308105468750e+01 -8.042953491210937500e+00 -4.692012965679168701e-01
6.044297427170630677e-01 3.200000000000000000e+01 1.528657178221283353e+01 9.332175714088364771e+00 9.220137023925781250e+01 -7.398624420166015625e+00 3.339245080947875977e+00
6.052058213949340626e-01 1.520000000000000000e+02 1.045813761903835548e+01 1.961052410375667066e+01 9.039253997802734375e+01 -1.372250843048095703e+01 1.564149570465087891e+01
6.054249046798174660e-01 2.440000000000000000e+02 -1.006779298119293564e+00 -4.430771183807848068e+00 9.539313507080078125e+01 -2.709139060974121094e+01 -1.363988876342773438e+01
6.054371392558639542e-01 1.110000000000000000e+02 1.202406171872863538e+01 1.613761459582557478e+01 9.132686614990234375e+01 -1.165692329406738281e+01 1.155088233947753906e+01
6.062271505989325071e-01 1.720000000000000000e+02 3.562169611279590420e+00 -2.320090324238345048e+00 9.542095184326171875e+01 -2.144624328613281250e+01 -1.103199386596679688e+01
6.074603522053736437e-01 5.800000000000000000e+01 1.456883898999648075e+01 1.202701558993588549e+01 9.182896423339843750e+01 -8.401155471801757812e+00 6.616803169250488281e+00
6.085898783094025877e-01 3.650000000000000000e+02 5.792405340191574936e+00 2.862988915970355919e+01 8.662699890136718750e+01 -1.956657218933105469e+01 2.582030487060546875e+01
6.095451795908515269e-01 2.210000000000000000e+02 9.497185487242056467e+00 2.277776327035848425e+01 8.918894958496093750e+01 -1.505983829498291016e+01 1.929622840881347656e+01
6.139511265474073554e-01 3.330000000000000000e+02 -4.717112117062937315e+00 -6.512977363963814881e+00 9.491963195800781250e+01 -3.164354896545410156e+01 -1.620533180236816406e+01
6.140017867712370681e-01 7.400000000000000000e+01 1.470830648686877140e+01 1.462656456719160936e+01 9.106897735595703125e+01 -8.426090240478515625e+00 9.747577667236328125e+00
6.154832030505530405e-01 2.760000000000000000e+02 8.997905116493559063e+00 2.575491708589157724e+01 8.778483581542968750e+01 -1.585907459259033203e+01 2.265534019470214844e+01
6.167119832455323358e-01 1.320000000000000000e+02 1.308160744958303390e+01 1.863281014635370880e+01 9.015476989746093750e+01 -1.063841629028320312e+01 1.449808120727539062e+01
6.195625046100564637e-01 7.700000000000000000e+01 9.918233431334627426e+00 -2.425219196008656514e-02 9.455606079101562500e+01 -1.363355731964111328e+01 -8.191019058227539062e+00
6.205161590881201894e-01 4.050000000000000000e+02 5.851426222444177760e+00 3.131273753363787904e+01 8.497032928466796875e+01 -1.967189407348632812e+01 2.869676589965820312e+01
6.217420286348055436e-01 4.300000000000000000e+01 1.735859334288698719e+01 1.215526695533465862e+01 9.086846160888671875e+01 -5.164313793182373047e+00 6.772030353546142578e+00
6.221323821754786154e-01 1.890000000000000000e+02 2.158500263360278115e+00 -4.526634267914724674e+00 9.534461975097656250e+01 -2.318619918823242188e+01 -1.375818443298339844e+01
6.222291158194076521e-01 4.090000000000000000e+02 -7.889074493859038029e+00 -8.607372890225734707e+00 9.415358734130859375e+01 -3.547353744506835938e+01 -1.877507019042968750e+01
6.224693136095293955e-01 1.870000000000000000e+02 1.219479336182260454e+01 2.209125870338737485e+01 8.892666625976562500e+01 -1.196794795989990234e+01 1.851080131530761719e+01
6.229575424973925468e-01 2.200000000000000000e+01 1.788947404009766728e+01 9.094118262292056443e+00 9.133872222900390625e+01 -4.337506771087646484e+00 3.048382043838500977e+00
6.234663748774835756e-01 1.000000000000000000e+02 7.470702063509575552e+00 -1.977161838228751689e+00 9.497212982177734375e+01 -1.663352775573730469e+01 -1.060782051086425781e+01
6.264340083167321271e-01 9.800000000000000000e+01 1.555559291580621029e+01 1.708167273374821349e+01 9.000434875488281250e+01 -7.669132709503173828e+00 1.267065525054931641e+01
6.280710976754675379e-01 2.500000000000000000e+01 1.345874851153694252e+01 1.655045165905787874e+00 9.363961029052734375e+01 -9.349593162536621094e+00 -6.112690448760986328e+00
6.293809160226058186e-01 3.310000000000000000e+02 8.891553512509482005e+00 2.859248341562167184e+01 8.621867370605468750e+01 -1.622409820556640625e+01 2.577965736389160156e+01
6.299598795062413270e-01 2.780000000000000000e+02 -1.888300411338759144e+00 -6.886743110851504923e+00 9.506608581542968750e+01 -2.816903114318847656e+01 -1.666481399536132812e+01
6.300975888311126649e-01 1.800000000000000000e+01 1.731839224677900546e+01 6.470886811782162518e+00 9.196952819824218750e+01 -4.871936798095703125e+00 -1.684338152408599854e-01
6.323255064561570382e-01 1.900000000000000000e+01 1.533691355965592962e+01 3.452836485093696339e+00 9.296618652343750000e+01 -7.125106334686279297e+00 -3.889708518981933594e+00
6.326767870548947181e-01 7.300000000000000000e+01 1.782926870362136285e+01 1.480084499654760677e+01 8.996979522705078125e+01 -4.855089664459228516e+00 9.956224441528320312e+00
6.338687229974138138e-01 2.420000000000000000e+02 1.182868726263958692e+01 2.524109486560044502e+01 8.748246002197265625e+01 -1.269941329956054688e+01 2.208128738403320312e+01
6.347293823383874933e-01 1.680000000000000000e+02 1.472755057782449306e+01 2.095222297790558130e+01 8.875072479248046875e+01 -9.011632919311523438e+00 1.719923591613769531e+01
6.360488224115588007e-01 3.700000000000000000e+01 1.987875422676409087e+01 1.133766243427001541e+01 9.008868408203125000e+01 -2.204600811004638672e+00 5.781211376190185547e+00
6.397805565729117738e-01 4.750000000000000000e+02 6.230361765521276851e+00 3.392562249203027847e+01 8.319520568847656250e+01 -1.946258544921875000e+01 3.142060470581054688e+01
6.414923182872191987e-01 1.340000000000000000e+02 5.686587669064802952e+00 -4.146170506153110225e+00 9.508229064941406250e+01 -1.884015464782714844e+01 -1.328859996795654297e+01
6.448745550596348686e-01 3.670000000000000000e+02 -5.239670620846980320e+00 -9.187393146983435344e+00 9.441365051269531250e+01 -3.224247741699218750e+01 -1.948436927795410156e+01
6.452430605073482539e-01 4.040000000000000000e+02 9.143066521351345344e+00 3.131353956886276890e+01 8.451570129394531250e+01 -1.622131347656250000e+01 2.869761466979980469e+01
6.453804221713080880e-01 4.500000000000000000e+01 1.247916984637056537e+01 -7.683775776894006260e-01 9.393425750732421875e+01 -1.052565479278564453e+01 -9.112059593200683594e+00
6.463159753209617442e-01 1.190000000000000000e+02 1.703126470473873866e+01 1.931949162191906666e+01 8.868733215332031250e+01 -6.246697902679443359e+00 1.530184936523437500e+01
6.473307555977025896e-01 2.230000000000000000e+02 1.137487844182235808e+00 -6.904372927000840043e+00 9.508782196044921875e+01 -2.445133399963378906e+01 -1.668647766113281250e+01
6.493214343012466694e-01 2.080000000000000000e+02 1.449362298945993288e+01 2.432731604205761045e+01 8.726220703125000000e+01 -9.675707817077636719e+00 2.105440902709960938e+01
6.501025895160776891e-01 2.970000000000000000e+02 1.188969313198655087e+01 2.817685605638974522e+01 8.587036895751953125e+01 -1.296903133392333984e+01 2.532705116271972656e+01
6.507952843453417291e-01 5.100000000000000000e+01 2.067133430071197253e+01 1.411105059340017576e+01 8.904798889160156250e+01 -1.569195866584777832e+00 9.129443168640136719e+00
6.518076609020677648e-01 7.800000000000000000e+01 9.818364467057252298e+00 -3.075477219186049549e+00 9.447660827636718750e+01 -1.377276134490966797e+01 -1.196595954895019531e+01
6.524675850319008319e-01 8.500000000000000000e+01 1.903878736784225012e+01 1.710916121766134168e+01 8.876971435546875000e+01 -3.738121032714843750e+00 1.270317649841308594e+01
6.550864803560547678e-01 7.000000000000000000e+00 2.029017753936158996e+01 7.441120967493214167e+00 9.065510559082031250e+01 -1.462840080261230469e+00 1.023656368255615234e+00
6.580127423574941847e-01 4.560000000000000000e+02 -8.130196828473749804e+00 -1.147243773549308976e+01 9.350049591064453125e+01 -3.567832946777343750e+01 -2.226674079895019531e+01
6.583619768108881498e-01 6.000000000000000000e+00 1.841074170589772052e+01 4.138555304074923669e+00 9.181063079833984375e+01 -3.508958101272583008e+00 -3.042800903320312500e+00
6.601046017196463556e-01 1.500000000000000000e+01 2.180368546678370123e+01 9.522505033438259048e+00 8.963520050048828125e+01 1.296725869178771973e-01 3.571649551391601562e+00
6.635638672404220451e-01 3.120000000000000000e+02 -2.455373904846912314e+00 -9.471397953500629185e+00 9.458498382568359375e+01 -2.884588241577148438e+01 -1.983125686645507812e+01
6.637775527788108976e-01 1.560000000000000000e+02 4.411063355007355469e+00 -6.482010935942962071e+00 9.495390319824218750e+01 -2.042930221557617188e+01 -1.616724777221679688e+01
6.647962873937776074e-01 4.410000000000000000e+02 9.735758417012958077e+00 3.392708480560372664e+01 8.269427490234375000e+01 -1.589791488647460938e+01 3.142210388183593750e+01
6.648024371307520441e-01 3.800000000000000000e+01 2.296601126493891343e+01 1.264314524729001654e+01 8.841128540039062500e+01 1.151938199996948242e+00 7.361833095550537109e+00
6.651489368168925775e-01 1.690000000000000000e+02 1.692927091890888036e+01 2.300604916253046284e+01 8.714640045166015625e+01 -6.840262889862060547e+00 1.955654525756835938e+01
6.693576443837453427e-01 2.630000000000000000e+02 1.472148822177302918e+01 2.738627562957123018e+01 8.560047912597656250e+01 -9.846592903137207031e+00 2.446128463745117188e+01
6.694402869839596315e-01 3.520000000000000000e+02 1.233180268462179008e+01 3.094170673401351834e+01 8.411997222900390625e+01 -1.285792255401611328e+01 2.830363082885742188e+01
6.696494225755622587e-01 1.300000000000000000e+01 1.718511560572169472e+01 1.623243964048990184e+00 9.242259979248046875e+01 -4.903393745422363281e+00 -6.152037620544433594e+00
6.696936723449598006e-01 2.600000000000000000e+01 1.551252414258165579e+01 -6.078776625611279627e-01 9.302867889404296875e+01 -6.882584571838378906e+00 -8.913409233093261719e+00
6.732460853916190091e-01 6.300000000000000000e+01 2.220190352303698234e+01 1.628166262481795457e+01 8.772448730468750000e+01 -1.251080334186553955e-01 1.172209644317626953e+01
6.750597144234092850e-01 1.420000000000000000e+02 1.907271721185767532e+01 2.126122503055119140e+01 8.716075897216796875e+01 -4.251943111419677734e+00 1.755605316162109375e+01
6.752287645757871770e-01 1.130000000000000000e+02 8.047659464378600802e+00 -5.471134817595040722e+00 9.459767150878906250e+01 -1.596566009521484375e+01 -1.492281532287597656e+01
6.775329436392520943e-01 1.060000000000000000e+02 2.085761561471772296e+01 1.905340934448096490e+01 8.733772277832031250e+01 -1.981533288955688477e+00 1.499079227447509766e+01
6.798624916135329599e-01 4.340000000000000000e+02 -5.472591679019157773e+00 -1.195765300852253077e+01 9.376086425781250000e+01 -3.246584701538085938e+01 -2.285482215881347656e+01
6.803011939011567311e-01 6.100000000000000000e+01 1.238044631077133317e+01 -3.522992337076418679e+00 9.383588409423828125e+01 -1.067234516143798828e+01 -1.251896858215332031e+01
6.804164180073384305e-01 2.570000000000000000e+02 4.737258404350668251e-01 -9.412219110332989302e+00 9.465883636474609375e+01 -2.527052879333496094e+01 -1.975899887084960938e+01
6.852318476695201666e-01 2.290000000000000000e+02 1.732451224421149405e+01 2.622740877193514919e+01 8.542842864990234375e+01 -6.904448032379150391e+00 2.318103408813476562e+01
6.855234477049314545e-01 2.800000000000000000e+01 2.444924018711487435e+01 1.051330938172861096e+01 8.817267608642578125e+01 3.011100292205810547e+00 4.779341220855712891e+00
6.867560824542480180e-01 6.400000000000000000e+01 2.480319371366799430e+01 1.472440299008441045e+01 8.695971679687500000e+01 2.925087928771972656e+00 9.864727020263671875e+00
6.875486376881934092e-01 4.960000000000000000e+02 1.066423310094404009e+01 3.643368130893968271e+01 8.076883697509765625e+01 -1.529017639160156250e+01 3.395781707763671875e+01
6.887913731002348605e-01 2.000000000000000000e+00 2.261008775369684543e+01 6.202713368831447305e+00 8.978200531005859375e+01 1.257135033607482910e+00 -4.983463883399963379e-01
6.893677793081869343e-01 3.000000000000000000e+00 2.102484081338264943e+01 4.301445387809559762e+00 9.070803070068359375e+01 -4.765131175518035889e-01 -2.841724872589111328e+00
6.905760868637466077e-01 3.180000000000000000e+02 1.535023849076191382e+01 3.020604347084437791e+01 8.380010223388671875e+01 -9.624231338500976562e+00 2.751963806152343750e+01
6.908314070058733103e-01 3.790000000000000000e+02 1.313212883784735574e+01 3.355502538035848659e+01 8.225198364257812500e+01 -1.242127609252929688e+01 3.103915023803710938e+01
6.934009893790362700e-01 2.020000000000000000e+02 3.570472092511450146e+00 -8.942514114834295924e+00 9.461796569824218750e+01 -2.148605918884277344e+01 -1.918504714965820312e+01
6.955423789736565610e-01 3.600000000000000000e+01 1.511588154163737130e+01 -3.154654303131765758e+00 9.305844116210937500e+01 -7.383067607879638672e+00 -1.206381893157958984e+01
6.967330661986494977e-01 1.950000000000000000e+02 1.964032461602440449e+01 2.470740583624202458e+01 8.537524414062500000e+01 -4.193960189819335938e+00 2.148246002197265625e+01
6.981157367719663664e-01 9.300000000000000000e+01 2.428729506310627073e+01 1.792346554139802706e+01 8.620195770263671875e+01 1.905587434768676758e+00 1.366436958312988281e+01
7.002570447440553680e-01 4.000000000000000000e+00 1.994871972495883128e+01 1.536983760978175129e+00 9.133669281005859375e+01 -1.661294817924499512e+00 -6.258769035339355469e+00
7.018177131215008746e-01 1.570000000000000000e+02 6.888734204681772333e+00 -7.953363884301296594e+00 9.442677307128906250e+01 -1.742456054687500000e+01 -1.797398948669433594e+01
7.029677226794356359e-01 4.900000000000000000e+02 -8.091240655955482808e+00 -1.440729646289536703e+01 9.270188140869140625e+01 -3.551706314086914062e+01 -2.580683517456054688e+01
7.034246469899125831e-01 9.200000000000000000e+01 1.056913442545728188e+01 -6.230711299862465857e+00 9.400096893310546875e+01 -1.291756629943847656e+01 -1.585810470581054688e+01
7.034886224133432009e-01 3.460000000000000000e+02 -2.711004458869390454e+00 -1.215146372999220503e+01 9.394940948486328125e+01 -2.912823867797851562e+01 -2.308942794799804688e+01
7.034902943379923723e-01 1.430000000000000000e+02 2.161327086114357954e+01 2.282901499264743350e+01 8.546490478515625000e+01 -1.772605299949645996e+00 1.935471153259277344e+01
7.039024595914979976e-01 1.400000000000000000e+01 2.477204229644744871e+01 7.784398219898442051e+00 8.849668121337890625e+01 3.593283414840698242e+00 1.444815278053283691e+00
7.051939771877160368e-01 4.600000000000000000e+01 2.664675107929953768e+01 1.261221214366727494e+01 8.655396270751953125e+01 5.190316677093505859e+00 7.324470520019531250e+00
7.064531072416819768e-01 1.270000000000000000e+02 2.318583716746375956e+01 2.058187278353774019e+01 8.572682952880859375e+01 2.909914553165435791e-01 1.677060508728027344e+01
7.082485889204789276e-01 1.100000000000000000e+01 1.809443294427162741e+01 -1.559647153850922674e+00 9.208374023437500000e+01 -3.830538272857666016e+00 -1.009127330780029297e+01
7.090021185007172599e-01 0.000000000000000000e+00 2.206973545555336358e+01 3.164556939865325269e+00 9.031927490234375000e+01 7.574787139892578125e-01 -4.245942115783691406e+00
7.095863492302256770e-01 2.840000000000000000e+02 1.813591070899146729e+01 2.912092838828158037e+01 8.357343292236328125e+01 -6.564035892486572266e+00 2.635253715515136719e+01
7.158475690313437223e-01 4.620000000000000000e+02 1.428059638861845571e+01 3.602312654697954741e+01 8.028223419189453125e+01 -1.170029258728027344e+01 3.354788589477539062e+01
7.168432337026542367e-01 8.000000000000000000e+01 2.709644650678535172e+01 1.608121506653377963e+01 8.536138916015625000e+01 5.190300464630126953e+00 1.148381423950195312e+01
7.168822430024924808e-01 3.780000000000000000e+02 1.634895961295358191e+01 3.282237212003274607e+01 8.188414001464843750e+01 -9.072957992553710938e+00 3.028022003173828125e+01
7.194187520396730928e-01 2.910000000000000000e+02 1.533322586336432480e-01 -1.201380863659907128e+01 9.406242370605468750e+01 -2.566336441040039062e+01 -2.292281532287597656e+01
7.228940796849573358e-01 2.500000000000000000e+02 2.063318001090848242e+01 2.770440243624151577e+01 8.345798492431640625e+01 -3.722976684570312500e+00 2.481042289733886719e+01
7.234338826711222969e-01 4.350000000000000000e+02 -5.411044541099546912e+00 -1.479508229971762923e+01 9.295911407470703125e+01 -3.231504058837890625e+01 -2.627132797241210938e+01
7.261929998669950370e-01 6.200000000000000000e+01 1.316364445431837105e+01 -6.353899511029701408e+00 9.332827758789062500e+01 -9.797382354736328125e+00 -1.600966644287109375e+01
7.282144970386477123e-01 2.700000000000000000e+01 2.757384752315993381e+01 1.015254207339904369e+01 8.657621765136718750e+01 6.465240001678466797e+00 4.340032100677490234e+00
7.283360014740125621e-01 1.140000000000000000e+02 2.679430322313659119e+01 1.903317718553252291e+01 8.454045104980468750e+01 4.373139381408691406e+00 1.496711730957031250e+01
7.295222364449762686e-01 2.360000000000000000e+02 3.125384179982351185e+00 -1.149018846592145238e+01 9.409130859375000000e+01 -2.205984878540039062e+01 -2.228827285766601562e+01
7.334007263973690849e-01 2.160000000000000000e+02 2.279320484779145417e+01 2.597556647354664605e+01 8.347298431396484375e+01 -1.149633049964904785e+00 2.290109634399414062e+01
7.341313219782308330e-01 7.900000000000000000e+01 2.912723491681853716e+01 1.372349247737801292e+01 8.487892913818359375e+01 7.685868263244628906e+00 8.663811683654785156e+00
7.342402009562013498e-01 1.810000000000000000e+02 6.225270473254902903e+00 -1.049829394401767146e+01 9.401762390136718750e+01 -1.828732490539550781e+01 -2.108306694030761719e+01
7.348464236731828692e-01 1.580000000000000000e+02 2.592374328031846886e+01 2.163981397302842069e+01 8.398434448242187500e+01 2.970241308212280273e+00 1.799220848083496094e+01
7.349883241558359259e-01 3.390000000000000000e+02 1.932283546030915744e+01 3.174875740266489643e+01 8.160659790039062500e+01 -5.893724918365478516e+00 2.915678215026855469e+01
7.358298728733838612e-01 1.260000000000000000e+02 9.511603238763269630e+00 -8.893783374830967148e+00 9.380002593994140625e+01 -1.427056503295898438e+01 -1.912545776367187500e+01
7.358375614563639200e-01 1.820000000000000000e+02 2.457166924820179332e+01 2.395106694289212257e+01 8.363988494873046875e+01 1.102370500564575195e+00 2.062941932678222656e+01
7.382815624175740332e-01 1.200000000000000000e+01 2.057376158259555865e+01 -9.353431122522627428e-01 9.108391571044921875e+01 -9.301144480705261230e-01 -9.318704605102539062e+00
7.400306277988113468e-01 2.000000000000000000e+01 2.741092270898269945e+01 7.567235587150491938e+00 8.710534667968750000e+01 6.516028404235839844e+00 1.178422570228576660e+00
7.408403585285208148e-01 5.000000000000000000e+01 1.573708165262239334e+01 -5.742489379005597527e+00 9.261510467529296875e+01 -6.710361957550048828e+00 -1.525708770751953125e+01
7.419457129571014331e-01 1.010000000000000000e+02 2.969470019641919478e+01 1.679212875386843251e+01 8.367564392089843750e+01 7.785164833068847656e+00 1.232780838012695312e+01
7.424534784584111424e-01 1.000000000000000000e+01 2.570581696478394917e+01 5.038431648127379425e+00 8.835034942626953125e+01 4.793729305267333984e+00 -1.932526588439941406e+00
7.433674522499402748e-01 4.210000000000000000e+02 1.770154284593056460e+01 3.525047723278333223e+01 7.986975097656250000e+01 -8.239172935485839844e+00 3.277061843872070312e+01
7.434065298593613980e-01 1.000000000000000000e+00 2.424595708105808001e+01 2.971591925638465970e+00 8.927326965332031250e+01 3.235457658767700195e+00 -4.484449386596679688e+00
7.453687748087063358e-01 3.920000000000000000e+02 -2.654111145507675573e+00 -1.489581038546320713e+01 9.315920257568359375e+01 -2.902268981933593750e+01 -2.639184570312500000e+01
7.475569090919230719e-01 3.500000000000000000e+01 1.820194081131338848e+01 -4.196767645277718728e+00 9.188661956787109375e+01 -3.755326271057128906e+00 -1.335106277465820312e+01
7.522039927588886066e-01 3.050000000000000000e+02 2.199984366617173848e+01 3.035879972279466088e+01 8.143531799316406250e+01 -2.925007581710815430e+00 2.768291854858398438e+01
7.582371567082699659e-01 1.350000000000000000e+02 2.959844077154180297e+01 1.959123352722281197e+01 8.279164123535156250e+01 7.151826381683349609e+00 1.561900329589843750e+01
7.594347899633604460e-01 5.400000000000000000e+01 3.028457821671452521e+01 1.107534170009628127e+01 8.479704284667968750e+01 9.249516487121582031e+00 5.462706089019775391e+00
7.610733754484885205e-01 1.050000000000000000e+02 1.218634397982107664e+01 -9.262473140234211755e+00 9.311404418945312500e+01 -1.107356357574462891e+01 -1.957610130310058594e+01
7.616618064174121017e-01 3.250000000000000000e+02 1.699939249176538325e-01 -1.467565455240672279e+01 9.330196380615234375e+01 -2.564544868469238281e+01 -2.612836265563964844e+01
7.620459513902091420e-01 4.200000000000000000e+02 2.086221897611118692e+01 3.413980176408453815e+01 7.954610443115234375e+01 -4.945213794708251953e+00 3.164030075073242188e+01
7.622382907843530120e-01 2.710000000000000000e+02 2.433596225723190187e+01 2.868001469908141132e+01 8.138659667968750000e+01 -2.093654423952102661e-01 2.587475204467773438e+01
7.668699798934037748e-01 1.590000000000000000e+02 2.896185288657030554e+01 2.217976941480234743e+01 8.215538024902343750e+01 5.951262474060058594e+00 1.861227989196777344e+01
7.669568302760400025e-01 5.000000000000000000e+00 2.392056483385458776e+01 2.526193591830088736e-01 8.952394866943359375e+01 2.906634569168090820e+00 -7.848311901092529297e+00
7.676960022469049294e-01 2.370000000000000000e+02 2.629550485042874541e+01 2.674055045843097744e+01 8.147746276855468750e+01 2.208604097366333008e+00 2.374953460693359375e+01
7.688511925789978108e-01 8.800000000000000000e+01 3.176291527100516277e+01 1.407206703409809556e+01 8.318505096435546875e+01 1.036335849761962891e+01 9.082642555236816406e+00
7.691590958361427255e-01 2.030000000000000000e+02 2.784776976650702451e+01 2.456668640077892007e+01 8.172653198242187500e+01 4.280581474304199219e+00 2.132413673400878906e+01
7.711224590319780692e-01 2.700000000000000000e+02 3.054153776144671095e+00 -1.409049238386484149e+01 9.338448333740234375e+01 -2.218408584594726562e+01 -2.542676162719726562e+01
7.727160923404654547e-01 4.830000000000000000e+02 1.939933322760447254e+01 3.749374999829154831e+01 7.777072143554687500e+01 -7.159134387969970703e+00 3.500622177124023438e+01
7.739176622086592072e-01 1.220000000000000000e+02 3.246322696593438906e+01 1.688577763140587251e+01 8.195390319824218750e+01 1.057666492462158203e+01 1.243875503540039062e+01
7.739598694174170124e-01 1.410000000000000000e+02 9.020604369482734697e+00 -1.153361117633252420e+01 9.332453155517578125e+01 -1.495400810241699219e+01 -2.234094047546386719e+01
7.762523759925668010e-01 4.690000000000000000e+02 -5.047244997603645977e+00 -1.767181305961206661e+01 9.200733184814453125e+01 -3.179391098022460938e+01 -2.968978309631347656e+01
7.763692911101647276e-01 2.150000000000000000e+02 5.998415431044917590e+00 -1.307719976737855916e+01 9.339853668212890625e+01 -1.862999343872070312e+01 -2.420762252807617188e+01
7.777850475944378950e-01 2.100000000000000000e+01 2.112674598225881795e+01 -3.845808397146814439e+00 9.070017242431640625e+01 -3.447044491767883301e-01 -1.291771984100341797e+01
7.783672384468920402e-01 4.100000000000000000e+01 3.051881575760467769e+01 8.378890761789236308e+00 8.513879394531250000e+01 9.781268119812011719e+00 2.173359155654907227e+00
7.816829680306974781e-01 9.000000000000000000e+00 2.801095323409906612e+01 3.914350713243146096e+00 8.716221618652343750e+01 7.380195617675781250e+00 -3.319633722305297852e+00
7.817104985741247791e-01 3.600000000000000000e+02 2.371010989817305514e+01 3.272069822153427054e+01 7.932578277587890625e+01 -1.856704115867614746e+00 3.017440032958984375e+01
7.832802568680126143e-01 8.400000000000000000e+01 1.480794361878208498e+01 -9.021744748628112376e+00 9.241238403320312500e+01 -7.947515487670898438e+00 -1.928191566467285156e+01
7.860418140397043008e-01 1.740000000000000000e+02 3.257438120513486979e+01 1.958182882887171061e+01 8.100328826904296875e+01 1.012554931640625000e+01 1.560803413391113281e+01
7.867100464332169585e-01 8.000000000000000000e+00 2.648910600695066009e+01 1.089042928550201461e+00 8.815929412841796875e+01 5.777566432952880859e+00 -6.813077449798583984e+00
7.886068236324663694e-01 1.600000000000000000e+01 2.326358108409666414e+01 -2.269953565485622438e+00 8.979890441894531250e+01 2.139697074890136719e+00 -1.096998500823974609e+01
7.887620336431339085e-01 3.400000000000000000e+01 2.979508847606554767e+01 5.892631426617240820e+00 8.591574096679687500e+01 9.204907417297363281e+00 -8.800262808799743652e-01
7.922875989506451555e-01 7.100000000000000000e+01 1.726136788099957897e+01 -8.126211248875113924e+00 9.174181365966796875e+01 -5.016135692596435547e+00 -1.818583488464355469e+01
7.929920842325618446e-01 3.260000000000000000e+02 2.620539699078058504e+01 3.102618593243052558e+01 7.922309875488281250e+01 9.880389571189880371e-01 2.839328002929687500e+01
7.932788895079121438e-01 4.200000000000000000e+01 1.941956980069696925e+01 -6.489114034152157373e+00 9.115278625488281250e+01 -2.420354366302490234e+00 -1.617598342895507812e+01
7.940274079215088321e-01 4.490000000000000000e+02 2.273876146210274740e+01 3.630553643287476007e+01 7.740631103515625000e+01 -3.757888317108154297e+00 3.383009719848632812e+01
7.946977248982839415e-01 7.000000000000000000e+01 3.294498998646309929e+01 1.110381006148416461e+01 8.309743499755859375e+01 1.199766635894775391e+01 5.497285842895507812e+00
7.962078060646218258e-01 1.900000000000000000e+02 3.218016486078636973e+01 2.216799746832768037e+01 8.028413391113281250e+01 9.129846572875976562e+00 1.859878921508789062e+01
7.972516855010202130e-01 3.930000000000000000e+02 -2.279940336755970076e+00 -1.767448029674201138e+01 9.221485900878906250e+01 -2.853716087341308594e+01 -2.969293022155761719e+01
8.000576562732881758e-01 2.920000000000000000e+02 2.831931489151844517e+01 2.909069742412239989e+01 7.925238037109375000e+01 3.550312042236328125e+00 2.631984519958496094e+01
8.020588798831844723e-01 2.240000000000000000e+02 3.132397824518228902e+01 2.463117392834458030e+01 7.976633453369140625e+01 7.665863037109375000e+00 2.139671325683593750e+01
8.030135406448253299e-01 1.090000000000000000e+02 3.443068307069373901e+01 1.375096906147406806e+01 8.151498413085937500e+01 1.310048007965087891e+01 8.696847915649414062e+00
8.037661980537076367e-01 2.580000000000000000e+02 3.003110786428165468e+01 2.694830462899253831e+01 7.942826843261718750e+01 5.790323734283447266e+00 2.397897911071777344e+01
8.045411950733225570e-01 1.400000000000000000e+02 1.186182522992048938e+01 -1.202119976639384724e+01 9.257955932617187500e+01 -1.159092140197753906e+01 -2.293176269531250000e+01
8.099589017832267146e-01 1.490000000000000000e+02 3.527526540085311524e+01 1.638318394656885602e+01 8.024331665039062500e+01 1.344470214843750000e+01 1.184268856048583984e+01
8.109112543110670313e-01 3.950000000000000000e+02 2.574211547514909881e+01 3.481354009368115499e+01 7.714383697509765625e+01 -5.600625276565551758e-01 3.232776641845703125e+01
8.109777717439543565e-01 3.590000000000000000e+02 5.229355461378940584e-01 -1.736588122916233345e+01 9.238052368164062500e+01 -2.523122978210449219e+01 -2.932867050170898438e+01
8.133556713555146755e-01 1.750000000000000000e+02 3.559731043130005901e+01 1.900146835605957563e+01 7.922077941894531250e+01 1.318303680419921875e+01 1.493001174926757812e+01
8.153680401978360415e-01 1.700000000000000000e+01 2.668513623619276132e+01 -1.482192510939317920e+00 8.804096221923828125e+01 5.989609718322753906e+00 -9.995434761047363281e+00
8.184535964912053041e-01 6.900000000000000000e+01 3.324042172871734380e+01 8.123563701484874500e+00 8.341671752929687500e+01 1.263595485687255859e+01 1.860590696334838867e+00
8.187827589693732477e-01 1.940000000000000000e+02 9.009380446605185000e+00 -1.414026012255449949e+01 9.261871337890625000e+01 -1.507969951629638672e+01 -2.548650360107421875e+01
8.198417441402772177e-01 3.040000000000000000e+02 3.345756142420531543e+00 -1.671057556755621931e+01 9.250523376464843750e+01 -2.188480949401855469e+01 -2.855314636230468750e+01
8.229412974571890249e-01 2.490000000000000000e+02 6.176006474833110715e+00 -1.566004932908652059e+01 9.258712768554687500e+01 -1.850242805480957031e+01 -2.730437278747558594e+01
8.242143699774187038e-01 2.300000000000000000e+01 2.929384636214439652e+01 1.518919401888769283e+00 8.652514648437500000e+01 8.839167594909667969e+00 -6.281120777130126953e+00
8.245087180777701530e-01 2.110000000000000000e+02 3.545338175723778562e+01 2.158857892713783144e+01 7.841394805908203125e+01 1.240173339843750000e+01 1.793324851989746094e+01
8.263078537844970040e-01 2.900000000000000000e+01 2.281393039402291834e+01 -5.808612979950751765e+00 8.973220062255859375e+01 1.508309721946716309e+00 -1.533851909637451172e+01
8.278096653804711824e-01 3.940000000000000000e+02 2.837415374534242929e+01 3.305514156200548115e+01 7.699621582031250000e+01 2.399138450622558594e+00 3.052202415466308594e+01
8.307968447638052201e-01 1.180000000000000000e+02 1.464377883095335520e+01 -1.194536403703594374e+01 9.182640075683593750e+01 -8.308055877685546875e+00 -2.283994102478027344e+01
8.340466693401018539e-01 2.450000000000000000e+02 3.487198770600408437e+01 2.411960567884726814e+01 7.780112457275390625e+01 1.115906238555908203e+01 2.081994628906250000e+01
8.348537504637232320e-01 4.900000000000000000e+01 3.268702407606443927e+01 5.368159895112778024e+00 8.412283325195312500e+01 1.228334617614746094e+01 -1.526075720787048340e+00
8.354137143856099623e-01 9.600000000000000000e+01 3.548222332756572683e+01 1.042066357321854397e+01 8.149333953857421875e+01 1.463756656646728516e+01 4.666574001312255859e+00
8.357165481842938615e-01 3.300000000000000000e+01 3.134862932001241376e+01 3.078227198759679872e+00 8.517553710937500000e+01 1.099347877502441406e+01 -4.352641582489013672e+00
8.358781109811623811e-01 3.000000000000000000e+01 2.537075016295186103e+01 -3.982664299995238633e+00 8.862131500244140625e+01 4.464988708496093750e+00 -1.308672332763671875e+01
8.365469762935483500e-01 3.470000000000000000e+02 3.061286147501900956e+01 3.106898381743000925e+01 7.697593688964843750e+01 5.085110664367675781e+00 2.843866539001464844e+01
8.378267479836885023e-01 3.130000000000000000e+02 3.244601197218679545e+01 2.889339893467970910e+01 7.709518432617187500e+01 7.463590621948242188e+00 2.610623359680175781e+01
8.392817654050666043e-01 9.700000000000000000e+01 1.725429938689995879e+01 -1.130026140261877643e+01 9.111143493652343750e+01 -5.220994949340820312e+00 -2.205781745910644531e+01
8.411337582698690252e-01 2.790000000000000000e+02 3.386723239375056238e+01 2.656531639942640410e+01 7.736608886718750000e+01 9.500123977661132812e+00 2.355568313598632812e+01
8.418505433631668922e-01 5.600000000000000000e+01 2.148235112803997637e+01 -8.279532928493001265e+00 9.000138854980468750e+01 -1.477579176425933838e-01 -1.837367248535156250e+01
8.427618976972661713e-01 7.200000000000000000e+01 1.957607293419427563e+01 -1.008352415997417673e+01 9.048450469970703125e+01 -2.453719854354858398e+00 -2.057793045043945312e+01
8.432205626002740040e-01 4.700000000000000000e+02 2.807596852666813092e+01 3.664647965715947464e+01 7.490157318115234375e+01 9.312243461608886719e-01 3.416944122314453125e+01
8.446831659400967363e-01 1.300000000000000000e+02 3.701712978602067494e+01 1.282205674510829496e+01 7.991043090820312500e+01 1.578394508361816406e+01 7.577841758728027344e+00
8.510267408601088768e-01 4.480000000000000000e+02 -1.580367586696167059e+00 -2.045785188254271247e+01 9.111776733398437500e+01 -2.768155097961425781e+01 -3.294883346557617188e+01
8.516475483878478414e-01 1.480000000000000000e+02 3.801392676086925348e+01 1.531149885711331748e+01 7.858779144287109375e+01 1.627698135375976562e+01 1.056660556793212891e+01
8.548193791216864845e-01 1.670000000000000000e+02 1.206157199782457745e+01 -1.465960421324606067e+01 9.179261016845703125e+01 -1.151179599761962891e+01 -2.610914421081542969e+01
8.558460875577130755e-01 4.360000000000000000e+02 3.081666060627689774e+01 3.478699037203882227e+01 7.471752166748046875e+01 3.989529132843017578e+00 3.230078125000000000e+01
8.574262591004637724e-01 2.400000000000000000e+01 2.929516293937926363e+01 -1.497697367012426506e+00 8.652494812011718750e+01 8.840924263000488281e+00 -1.001461982727050781e+01
8.584647937109983751e-01 1.980000000000000000e+02 3.854880942226743201e+01 1.786232701284746227e+01 7.748732757568359375e+01 1.621659469604492188e+01 1.359235382080078125e+01
8.608952152192621554e-01 8.300000000000000000e+01 3.564851996060597372e+01 7.124165451006269301e+00 8.188120269775390625e+01 1.516487598419189453e+01 6.344981193542480469e-01
8.613620415342377878e-01 4.180000000000000000e+02 1.215714426423289529e+00 -2.005326020034382850e+01 9.130142974853515625e+01 -2.443553924560546875e+01 -3.247900772094726562e+01
8.619616646920036374e-01 2.320000000000000000e+02 3.865932511551698525e+01 2.044498070788942101e+01 7.658712005615234375e+01 1.566317844390869141e+01 1.661190605163574219e+01
8.676537990108377230e-01 2.280000000000000000e+02 9.431532882124887607e+00 -1.669291087849588706e+01 9.170900726318359375e+01 -1.471717357635498047e+01 -2.853220367431640625e+01
8.698845243007812256e-01 3.690000000000000000e+02 3.314700229968578071e+01 3.271064937128546291e+01 7.465828704833984375e+01 6.779440402984619141e+00 3.016393280029296875e+01
8.701129637983355813e-01 4.700000000000000000e+01 2.519675128566641931e+01 -6.955428381214823652e+00 8.839578247070312500e+01 4.121430873870849609e+00 -1.674921226501464844e+01
8.723667965743913122e-01 3.380000000000000000e+02 3.996157227204462981e+00 -1.931833824521315890e+01 9.146013641357421875e+01 -2.118489646911621094e+01 -3.162250137329101562e+01
8.739031864884654333e-01 2.660000000000000000e+02 3.836311759516125619e+01 2.302861699201159240e+01 7.587246704101562500e+01 1.465935707092285156e+01 1.958225250244140625e+01
8.747644329351564885e-01 5.900000000000000000e+01 3.499679087752824813e+01 4.081087718764679906e+00 8.264522552490234375e+01 1.472264766693115234e+01 -3.113751173019409180e+00
8.759891071362431170e-01 2.830000000000000000e+02 6.740368404139862157e+00 -1.821619979593840455e+01 9.159613037109375000e+01 -1.794225120544433594e+01 -3.033083915710449219e+01
8.770725123149976099e-01 3.900000000000000000e+01 2.790122698199077789e+01 -4.521146223532992892e+00 8.717691802978515625e+01 7.234656333923339844e+00 -1.375141239166259766e+01
8.776625147206045252e-01 1.660000000000000000e+02 1.504915188829606087e+01 -1.463053809864944199e+01 9.096295166015625000e+01 -8.031880378723144531e+00 -2.607433509826660156e+01
8.779301293748946744e-01 1.170000000000000000e+02 3.781344831730183387e+01 9.132791500962184728e+00 8.001333618164062500e+01 1.708032417297363281e+01 3.095646619796752930e+00
8.781566058929975993e-01 4.400000000000000000e+01 3.167065955832016755e+01 -4.247802271687187714e-01 8.505294036865234375e+01 1.138552188873291016e+01 -8.686782836914062500e+00
8.795511318332277506e-01 3.000000000000000000e+02 3.766625720615469675e+01 2.558127669229657286e+01 7.533199310302734375e+01 1.323933029174804688e+01 2.246161842346191406e+01
8.796740969979800484e-01 3.680000000000000000e+02 3.506316773797101405e+01 3.045843856346962752e+01 7.473439788818359375e+01 9.270541191101074219e+00 2.778928565979003906e+01
8.812306758957428876e-01 3.340000000000000000e+02 3.656781683795306037e+01 2.806959276737006448e+01 7.495578765869140625e+01 1.143342876434326172e+01 2.520995712280273438e+01
8.827108963438317080e-01 6.000000000000000000e+01 3.362655807212878045e+01 1.499289658240473999e+00 8.372835540771484375e+01 1.341145706176757812e+01 -6.305409908294677734e+00
8.862613619509528418e-01 1.640000000000000000e+02 3.942269978357202831e+01 1.134210820175730383e+01 7.841050720214843750e+01 1.830824470520019531e+01 5.786607265472412109e+00
8.903866279131966710e-01 5.500000000000000000e+01 2.417897559159201393e+01 -9.407564512884167840e+00 8.852407073974609375e+01 2.808325052261352539e+00 -1.975331497192382812e+01
8.948596326778166521e-01 1.310000000000000000e+02 1.786252711239587043e+01 -1.406360959318141646e+01 9.017407226562500000e+01 -4.747440814971923828e+00 -2.539448738098144531e+01
8.958204335966297727e-01 8.900000000000000000e+01 2.253461701340122048e+01 -1.142006870330174095e+01 8.890425109863281250e+01 7.923890948295593262e-01 -2.220320892333984375e+01
8.971466234548796104e-01 4.910000000000000000e+02 3.350541463217405180e+01 3.623077897848939699e+01 7.239721679687500000e+01 5.730229854583740234e+00 3.375548934936523438e+01
8.988944607309183876e-01 1.850000000000000000e+02 4.057645152237025599e+01 1.370812302604700683e+01 7.702812957763671875e+01 1.896776390075683594e+01 8.645330429077148438e+00
9.009732441451880902e-01 5.200000000000000000e+01 3.055253980495889721e+01 -4.065062418566743219e+00 8.561605834960937500e+01 1.011094379425048828e+01 -1.318846321105957031e+01
9.018186570305638528e-01 1.100000000000000000e+02 2.039304320120367109e+01 -1.298266163245427585e+01 8.947180938720703125e+01 -1.768044829368591309e+00 -2.409361648559570312e+01
9.025427368680598583e-01 1.040000000000000000e+02 3.771777367041515561e+01 5.537855106790268600e+00 8.053427886962890625e+01 1.733540153503417969e+01 -1.316979765892028809e+00
9.043659489703146370e-01 2.070000000000000000e+02 1.271998900277275446e+01 -1.717451429683226749e+01 9.079074096679687500e+01 -1.092967510223388672e+01 -2.910247802734375000e+01
9.069372878024712925e-01 2.190000000000000000e+02 4.132339777245451273e+01 1.619224273249915313e+01 7.584376525878906250e+01 1.912243080139160156e+01 1.161582851409912109e+01
9.076381919696115963e-01 4.820000000000000000e+02 -5.442249981993332320e-01 -2.321590635457102536e+01 8.987037658691406250e+01 -2.646807861328125000e+01 -3.611745452880859375e+01
9.094585829054928627e-01 6.500000000000000000e+01 2.798533654738372078e+01 -7.248803174288354079e+00 8.682262420654296875e+01 7.163919925689697266e+00 -1.710956192016601562e+01
9.114215875467110983e-01 4.570000000000000000e+02 3.589059079088460180e+01 3.403496330305611650e+01 7.230872344970703125e+01 8.604948997497558594e+00 3.153283119201660156e+01
9.125869187968302931e-01 2.530000000000000000e+02 4.168765458494983278e+01 1.875921261990654543e+01 7.484432983398437500e+01 1.881215286254882812e+01 1.464628314971923828e+01
9.163124807770390845e-01 2.620000000000000000e+02 1.026023695678342840e+01 -1.916579219568782477e+01 9.061385345458984375e+01 -1.391694736480712891e+01 -3.144423103332519531e+01
9.183036457537806507e-01 3.210000000000000000e+02 4.129908696239788668e+01 2.400892281202099099e+01 7.336669158935546875e+01 1.690787315368652344e+01 2.069485282897949219e+01
9.183320359358713159e-01 2.870000000000000000e+02 4.167926251441647167e+01 2.137564909594736662e+01 7.402098083496093750e+01 1.806594085693359375e+01 1.768799591064453125e+01
9.188180356582862363e-01 1.380000000000000000e+02 3.986426863466076043e+01 7.325198566298382730e+00 7.868743133544921875e+01 1.923766326904296875e+01 8.813585638999938965e-01
9.198177983037549854e-01 7.500000000000000000e+01 3.306481643323151332e+01 -2.708738725259264957e+00 8.406437683105468750e+01 1.280082988739013672e+01 -1.151259422302246094e+01
9.199118644442459969e-01 4.190000000000000000e+02 2.255269645608857232e+00 -2.270638852841361910e+01 9.006867218017578125e+01 -2.327447891235351562e+01 -3.553675079345703125e+01
9.229199385786918119e-01 9.100000000000000000e+01 3.681357811745598951e+01 2.244170529781333023e+00 8.143025207519531250e+01 1.661461639404296875e+01 -5.383903980255126953e+00
9.246489719909387617e-01 3.170000000000000000e+02 7.682254473953751273e+00 -2.071435560687917743e+01 9.043601989746093750e+01 -1.698133277893066406e+01 -3.324605560302734375e+01
9.247178157194057002e-01 3.550000000000000000e+02 4.054150000999437964e+01 2.662621186958814334e+01 7.287505340576171875e+01 1.536018848419189453e+01 2.362308120727539062e+01
9.254848398104029705e-01 4.100000000000000000e+02 3.785048854207529700e+01 3.167584903882160319e+01 7.235337066650390625e+01 1.118515491485595703e+01 2.908001327514648438e+01
9.264944724288879385e-01 3.760000000000000000e+02 5.006001218699164035e+00 -2.188163250390507741e+01 9.025559234619140625e+01 -2.010635948181152344e+01 -3.459219741821289062e+01
9.278675405524378084e-01 7.600000000000000000e+01 3.521365215331447729e+01 -5.598650517340042487e-01 8.263540649414062500e+01 1.504343414306640625e+01 -8.853982925415039062e+00
9.298540373588588537e-01 4.110000000000000000e+02 3.939628797513176295e+01 2.919369134217739159e+01 7.253959655761718750e+01 1.344498252868652344e+01 2.643119049072265625e+01
9.314749327223723618e-01 1.860000000000000000e+02 1.593284165026825328e+01 -1.710741762669427146e+01 8.987422943115234375e+01 -7.242094993591308594e+00 -2.902311515808105469e+01
9.351328223920627458e-01 1.650000000000000000e+02 4.156440837015372836e+01 9.370425393364238076e+00 7.705102539062500000e+01 2.057583999633789062e+01 3.385960578918457031e+00
9.353745714835237646e-01 6.600000000000000000e+01 3.091333051942935484e+01 -6.660504360470354435e+00 8.513083648681640625e+01 1.033960342407226562e+01 -1.638673400878906250e+01
9.355174330550608541e-01 8.100000000000000000e+01 2.728575558329831097e+01 -9.746291248588802247e+00 8.681512451171875000e+01 6.193515777587890625e+00 -2.016674232482910156e+01
9.445528588664215963e-01 1.250000000000000000e+02 3.940849405181744203e+01 3.476187085233820806e+00 7.939076995849609375e+01 1.909137153625488281e+01 -3.860858440399169922e+00
9.475235137618325254e-01 1.510000000000000000e+02 1.896073927857943175e+01 -1.651180136294422951e+01 8.900201416015625000e+01 -3.755940675735473633e+00 -2.831737327575683594e+01
9.475539319396356630e-01 1.020000000000000000e+02 2.594535490785979803e+01 -1.198066319900281762e+01 8.707899475097656250e+01 4.503603458404541016e+00 -2.288268470764160156e+01
9.497586472277925740e-01 2.060000000000000000e+02 4.287743499816571102e+01 1.162054688449746820e+01 7.560170745849609375e+01 2.141815567016601562e+01 6.124358654022216797e+00
9.558063398057341509e-01 2.400000000000000000e+02 4.383323622171324985e+01 1.403252062147213763e+01 7.432808685302734375e+01 2.180175781250000000e+01 9.035156250000000000e+00
9.559725563041241436e-01 8.600000000000000000e+01 3.372858421801414153e+01 -5.206040455315219084e+00 8.343523406982421875e+01 1.336755180358886719e+01 -1.459610843658447266e+01
9.559848120155927109e-01 1.230000000000000000e+02 2.405642296010959669e+01 -1.389411655348504304e+01 8.756139373779296875e+01 2.214688777923583984e+00 -2.519090270996093750e+01
9.561695019477811641e-01 2.410000000000000000e+02 1.379833919346194193e+01 -1.954936761496259834e+01 8.959902954101562500e+01 -9.909281730651855469e+00 -3.189217567443847656e+01
9.564165354869380575e-01 1.500000000000000000e+02 2.169997936490377199e+01 -1.542411381951074212e+01 8.821681976318359375e+01 -5.710222125053405762e-01 -2.702301406860351562e+01
9.614279235789078282e-01 1.120000000000000000e+02 3.814853619090381187e+01 -7.862818701978408278e-03 8.046833801269531250e+01 1.795844268798828125e+01 -8.170732498168945312e+00
9.620516950541826429e-01 1.390000000000000000e+02 4.157352519826124393e+01 5.076135751025747211e+00 7.754351043701171875e+01 2.102756500244140625e+01 -1.886038661003112793e+00
9.646223038689654139e-01 9.400000000000000000e+01 3.055952608543498883e+01 -9.219440442177694095e+00 8.497641754150390625e+01 9.743288040161132812e+00 -1.952352714538574219e+01
9.656833254107203279e-01 3.080000000000000000e+02 4.472132928562365350e+01 1.919590624909016441e+01 7.228556060791015625e+01 2.127987289428710938e+01 1.515743732452392578e+01
9.657183384497476375e-01 2.740000000000000000e+02 4.444625996714623994e+01 1.656897959351953276e+01 7.322400665283203125e+01 2.174995040893554688e+01 1.206322002410888672e+01
9.658257962558496335e-01 4.780000000000000000e+02 4.077287085264809008e+01 3.256624141933343708e+01 6.995949554443359375e+01 1.318401622772216797e+01 3.001341438293457031e+01
9.677388415753436224e-01 9.900000000000000000e+01 3.620413213324827950e+01 -2.951301957694909994e+00 8.184670257568359375e+01 1.598532104492187500e+01 -1.181246948242187500e+01
9.699464522937584210e-01 3.420000000000000000e+02 4.465627117166388160e+01 2.188111629452364326e+01 7.150964355468750000e+01 2.040629768371582031e+01 1.826960563659667969e+01
9.720448461181255828e-01 3.840000000000000000e+02 4.424331113476290511e+01 2.459313058620046277e+01 7.089310455322265625e+01 1.914371681213378906e+01 2.135390281677246094e+01
9.723806283789767635e-01 2.960000000000000000e+02 1.147879419784742439e+01 -2.153022951442313371e+01 8.934795379638671875e+01 -1.272032833099365234e+01 -3.418807601928710938e+01
9.728221263956909892e-01 3.850000000000000000e+02 4.346990921944419028e+01 2.730020496599529878e+01 7.043231964111328125e+01 1.750751876831054688e+01 2.436665344238281250e+01
9.744430314967287288e-01 4.440000000000000000e+02 4.231956591789273858e+01 2.996949138550727554e+01 7.012288665771484375e+01 1.551465225219726562e+01 2.726629257202148438e+01
9.799798434460462726e-01 4.610000000000000000e+02 3.650903327567403434e+00 -2.529301309913531526e+01 8.868709564208984375e+01 -2.176594161987304688e+01 -3.846139907836914062e+01
9.807976603166574936e-01 1.930000000000000000e+02 4.337635599734718284e+01 6.970219949922085156e+00 7.586380004882812500e+01 2.249800109863281250e+01 4.453858435153961182e-01
9.812421325986819820e-01 3.510000000000000000e+02 8.997181014587036785e+00 -2.312234099758257955e+01 8.911638641357421875e+01 -1.564906215667724609e+01 -3.601098251342773438e+01
9.824361065241404845e-01 3.770000000000000000e+02 6.378802802330260313e+00 -2.436765191252584017e+01 8.889826965332031250e+01 -1.867161178588867188e+01 -3.742189788818359375e+01
9.839127577363896426e-01 2.200000000000000000e+02 1.724144621277666900e+01 -1.937577606597611890e+01 8.859294891357421875e+01 -6.018928527832031250e+00 -3.168958282470703125e+01
9.852262981338786307e-01 1.540000000000000000e+02 4.068384962526387483e+01 1.033659929558004675e+00 7.846717071533203125e+01 2.037513923645019531e+01 -6.881618022918701172e+00
9.878669956372559957e-01 1.070000000000000000e+02 3.375183762999469650e+01 -7.810118737112117238e+00 8.311557769775390625e+01 1.318842411041259766e+01 -1.779835700988769531e+01
9.882279733777123987e-01 1.150000000000000000e+02 2.957688974305139240e+01 -1.166235305992054450e+01 8.510140228271484375e+01 8.433824539184570312e+00 -2.249704170227050781e+01
9.893424647001074490e-01 2.270000000000000000e+02 4.484962602230957174e+01 9.104297037018238115e+00 7.434203338623046875e+01 2.353712081909179688e+01 3.060822486877441406e+00
1.000195351125046095e+00 1.330000000000000000e+02 3.899426902208476520e+01 -2.567675512292587836e+00 7.976031494140625000e+01 1.873208427429199219e+01 -1.133817291259765625e+01
1.001392516100093832e+00 1.200000000000000000e+02 3.663004269405430335e+01 -5.561107425901566259e+00 8.134176635742187500e+01 1.626596069335937500e+01 -1.503366661071777344e+01
1.001766467250804871e+00 1.800000000000000000e+02 4.289327471072334674e+01 2.461676609406246552e+00 7.660565948486328125e+01 2.237707901000976562e+01 -5.114904880523681641e+00
1.002304219938620067e+00 1.990000000000000000e+02 2.047871630663512477e+01 -1.867288394257958828e+01 8.763684844970703125e+01 -2.343026399612426758e+00 -3.086708068847656250e+01
1.002700553227044322e+00 1.360000000000000000e+02 2.802234421882449666e+01 -1.390741852941180490e+01 8.546639251708984375e+01 6.493596553802490234e+00 -2.520688629150390625e+01
1.007636438747059326e+00 1.760000000000000000e+02 2.340934449041105125e+01 -1.748588953758161324e+01 8.677116394042968750e+01 1.025342822074890137e+00 -2.947039794921875000e+01
1.008593846047554532e+00 2.610000000000000000e+02 4.600971511752295839e+01 1.143464321754238178e+01 7.297485351562500000e+01 2.416218376159667969e+01 5.898891448974609375e+00
1.008790348660537628e+00 1.770000000000000000e+02 2.594731919032760459e+01 -1.587414012673898611e+01 8.603511810302734375e+01 3.998303413391113281e+00 -2.755940246582031250e+01
1.009434418924136212e+00 2.750000000000000000e+02 1.527023117787176254e+01 -2.176093704024147257e+01 8.823670959472656250e+01 -8.501708030700683594e+00 -3.445350646972656250e+01
1.012497352613022983e+00 2.950000000000000000e+02 4.686387174607787642e+01 1.392373080031461718e+01 7.176161956787109375e+01 2.438289260864257812e+01 8.904484748840332031e+00
1.014590743705846343e+00 3.290000000000000000e+02 4.741321523881638456e+01 1.653792414274113298e+01 7.070264434814453125e+01 2.420601654052734375e+01 1.202637195587158203e+01
1.015828226779688981e+00 1.280000000000000000e+02 3.317770920502984922e+01 -1.042423751227210715e+01 8.307471466064453125e+01 1.232053089141845703e+01 -2.099292373657226562e+01
1.017363853683605823e+00 4.270000000000000000e+02 4.717249309686582137e+01 2.482464113092978764e+01 6.845211791992187500e+01 2.135782814025878906e+01 2.161422729492187500e+01
1.018034369423295393e+00 2.140000000000000000e+02 4.480801785163720297e+01 4.207835338771581668e+00 7.487613677978515625e+01 2.399597930908203125e+01 -2.957274436950683594e+00
1.018915564885275460e+00 4.650000000000000000e+02 4.642098855812977831e+01 2.763574254412637998e+01 6.800746917724609375e+01 1.966589736938476562e+01 2.473515510559082031e+01
1.019139920630858898e+00 4.260000000000000000e+02 4.757789155825872029e+01 2.201807747997309761e+01 6.904842376708984375e+01 2.268547821044921875e+01 1.842684555053710938e+01
1.019173029851100809e+00 4.990000000000000000e+02 4.530252699240470093e+01 3.042015355275097477e+01 6.771147918701171875e+01 1.762314605712890625e+01 2.774842643737792969e+01
1.019616346946974339e+00 3.630000000000000000e+02 4.765395779761749395e+01 1.924600431780820742e+01 6.979829406738281250e+01 2.363782691955566406e+01 1.521599197387695312e+01
1.019687336734939276e+00 1.550000000000000000e+02 4.151325573368793442e+01 -1.702978180712305001e+00 7.777761077880859375e+01 2.113554000854492188e+01 -1.026861476898193359e+01
1.029597143120457803e+00 3.300000000000000000e+02 1.307519644061843600e+01 -2.375552693887121691e+01 8.792424774169921875e+01 -1.116417694091796875e+01 -3.673005676269531250e+01
1.031555837766758410e+00 1.700000000000000000e+02 3.933913209461357496e+01 -5.340205112897669970e+00 7.930798339843750000e+01 1.891271209716796875e+01 -1.476147270202636719e+01
1.033891957716838172e+00 1.440000000000000000e+02 3.650319144125265325e+01 -8.289725263913307884e+00 8.110754394531250000e+01 1.589820957183837891e+01 -1.838615608215332031e+01
1.035421300372694198e+00 1.600000000000000000e+02 3.203352465188154952e+01 -1.295682764132584808e+01 8.328683471679687500e+01 1.081030273437500000e+01 -2.406245613098144531e+01
1.035703221736224311e+00 2.480000000000000000e+02 4.644224092923833780e+01 6.220364806909540967e+00 7.327822113037109375e+01 2.524272918701171875e+01 -4.766261577606201172e-01
1.037364277543450841e+00 2.540000000000000000e+02 1.893716147073596190e+01 -2.142196223198915561e+01 8.714319610595703125e+01 -4.423285484313964844e+00 -3.406336975097656250e+01
1.039063641533697346e+00 4.950000000000000000e+02 5.412998426811074459e+00 -2.777949187468828285e+01 8.716250610351562500e+01 -1.992987823486328125e+01 -4.121468353271484375e+01
1.039781238881193781e+00 2.010000000000000000e+02 4.378645205226348480e+01 -4.430123038044226358e-01 7.589331054687500000e+01 2.322422218322753906e+01 -8.709349632263183594e+00
1.041493636807556022e+00 4.020000000000000000e+02 1.068259687908798306e+01 -2.540687272315697243e+01 8.764665985107421875e+01 -1.397415161132812500e+01 -3.858876419067382812e+01
1.043145845988351139e+00 4.400000000000000000e+02 8.119141871774136376e+00 -2.674244802204719917e+01 8.739544677734375000e+01 -1.690417480468750000e+01 -4.007363510131835938e+01
1.044870027399440460e+00 2.820000000000000000e+02 4.780204385892010777e+01 8.456811656203139904e+00 7.181459808349609375e+01 2.611929893493652344e+01 2.268769741058349609e+00
1.050710697103961033e+00 1.610000000000000000e+02 3.034387534031264622e+01 -1.531940047174405350e+01 8.372587585449218750e+01 8.705940246582031250e+00 -2.689803886413574219e+01
1.052856309344698538e+00 3.160000000000000000e+02 4.888895914985516100e+01 1.088055401612672846e+01 7.048905181884765625e+01 2.662414550781250000e+01 5.226012706756591797e+00
1.053863586280380016e+00 2.330000000000000000e+02 2.236651896916032101e+01 -2.054885167362256837e+01 8.610765075683593750e+01 -5.789166688919067383e-01 -3.305433654785156250e+01
1.057049438626287863e+00 1.450000000000000000e+02 3.582824431145785837e+01 -1.104446723187099977e+01 8.113121795654296875e+01 1.489566898345947266e+01 -2.174720001220703125e+01
1.057380484105017615e+00 1.880000000000000000e+02 4.187167000766960712e+01 -4.650985426995837280e+00 7.733209228515625000e+01 2.133170700073242188e+01 -1.391161155700683594e+01
1.057384315424104937e+00 2.350000000000000000e+02 4.582108469388478511e+01 1.151547084014767686e+00 7.411025238037109375e+01 2.500221824645996094e+01 -6.735725402832031250e+00
1.059117492122055193e+00 1.910000000000000000e+02 2.813874375161167052e+01 -1.742608943584140846e+01 8.436360168457031250e+01 6.062401771545410156e+00 -2.939978599548339844e+01
1.061362715629405873e+00 2.120000000000000000e+02 2.545999472630773042e+01 -1.919465153436115656e+01 8.516889190673828125e+01 2.943277359008789062e+00 -3.147797203063964844e+01
1.062962698463794986e+00 3.500000000000000000e+02 4.970125077601422703e+01 1.345886053046947062e+01 6.930545806884765625e+01 2.675499534606933594e+01 8.345425605773925781e+00
1.063249771127297016e+00 3.090000000000000000e+02 1.711408045480582629e+01 -2.378226725230598859e+01 8.672016906738281250e+01 -6.751187801361083984e+00 -3.676034927368164062e+01
1.063858132833214842e+00 4.520000000000000000e+02 5.042772624387554714e+01 2.182788667510296321e+01 6.663650512695312500e+01 2.489834213256835938e+01 1.820845413208007812e+01
1.064045333073099897e+00 1.710000000000000000e+02 3.917109908427524800e+01 -8.236490257730769926e+00 7.911054229736328125e+01 1.848473167419433594e+01 -1.832094764709472656e+01
1.066636428604102349e+00 4.860000000000000000e+02 5.006206491129231040e+01 2.473656337023929197e+01 6.604606628417968750e+01 2.353863906860351562e+01 2.151524353027343750e+01
1.067142486030284276e+00 4.000000000000000000e+02 5.023422119595397817e+01 1.616162978675343354e+01 6.826725769042968750e+01 2.651040649414062500e+01 1.157943725585937500e+01
1.069378588054317403e+00 4.010000000000000000e+02 5.048011133916730842e+01 1.896046874699596785e+01 6.737705993652343750e+01 2.589066314697265625e+01 1.488202285766601562e+01
1.073832666511854050e+00 2.690000000000000000e+02 4.761756214747532567e+01 3.032942074976006097e+00 7.243450927734375000e+01 2.646353149414062500e+01 -4.408615112304687500e+00
1.074150697959346035e+00 1.830000000000000000e+02 3.460877459919038301e+01 -1.373591394761298723e+01 8.139728546142578125e+01 1.327941417694091797e+01 -2.500074577331542969e+01
1.075644905257111761e+00 2.220000000000000000e+02 4.422374372272309273e+01 -3.563248380369937962e+00 7.542055511474609375e+01 2.351939010620117188e+01 -1.256870174407958984e+01
1.082290849932566079e+00 3.640000000000000000e+02 1.503827295985005108e+01 -2.580949160312780322e+01 8.635495758056640625e+01 -9.283379554748535156e+00 -3.903816604614257812e+01
1.082340668426146069e+00 3.030000000000000000e+02 4.917366811305866037e+01 5.161044145992901733e+00 7.087328338623046875e+01 2.759821891784667969e+01 -1.781359434127807617e+00
1.086091856927787536e+00 2.880000000000000000e+02 2.098760564562005371e+01 -2.322581456837974301e+01 8.554480743408203125e+01 -2.506432533264160156e+00 -3.612872695922851562e+01
1.088599144572975908e+00 1.960000000000000000e+02 3.847901340854372876e+01 -1.117043494375229251e+01 7.916294860839843750e+01 1.744340324401855469e+01 -2.190019989013671875e+01
1.089726095420647134e+00 2.560000000000000000e+02 4.638560219539958496e+01 -2.129308729976928660e+00 7.358294677734375000e+01 2.546152687072753906e+01 -1.079602527618408203e+01
1.090357243222059846e+00 3.370000000000000000e+02 5.048600537512604092e+01 7.500734651308457401e+00 6.943391418457031250e+01 2.839542961120605469e+01 1.096819043159484863e+00
1.090740502208665141e+00 2.090000000000000000e+02 4.173787320260785805e+01 -7.729621016808248868e+00 7.713553619384765625e+01 2.093513870239257812e+01 -1.769963264465332031e+01
1.094541322993039412e+00 2.040000000000000000e+02 3.285175543800532694e+01 -1.627608901632561711e+01 8.188649749755859375e+01 1.108091926574707031e+01 -2.803747367858886719e+01
1.095242796434139354e+00 4.030000000000000000e+02 1.273527455053618596e+01 -2.753348441436019201e+01 8.603656005859375000e+01 -1.198561954498291016e+01 -4.094496917724609375e+01
1.097773153796350654e+00 3.750000000000000000e+02 5.155028491652986844e+01 1.002042807408028935e+01 6.812329864501953125e+01 2.884505653381347656e+01 4.179029464721679688e+00
1.100114940651716999e+00 4.740000000000000000e+02 1.023057856637878160e+01 -2.897068510889015513e+01 8.575514984130859375e+01 -1.482907962799072266e+01 -4.251195907592773438e+01
1.101125949469852650e+00 2.670000000000000000e+02 2.458099500035313767e+01 -2.213016288408226018e+01 8.443766021728515625e+01 1.478901147842407227e+00 -3.487741470336914062e+01
1.101306526847900313e+00 2.250000000000000000e+02 3.057240236512243570e+01 -1.857799552273045762e+01 8.257535552978515625e+01 8.343136787414550781e+00 -3.075577735900878906e+01
1.104872244172190987e+00 2.900000000000000000e+02 4.834675832778010118e+01 -3.920985044249350460e-01 7.182980346679687500e+01 2.713982200622558594e+01 -8.646330833435058594e+00
1.105967836642721913e+00 2.460000000000000000e+02 2.779954158132412445e+01 -2.055640858527182857e+01 8.343623352050781250e+01 5.120611190795898438e+00 -3.306309509277343750e+01
1.106819252910286266e+00 3.740000000000000000e+02 5.236106070600965978e+01 1.269112350136485468e+01 6.694755554199218750e+01 2.893869781494140625e+01 7.419774055480957031e+00
1.110903016509718233e+00 2.170000000000000000e+02 3.725379578124523050e+01 -1.405676013864631280e+01 7.945526885986328125e+01 1.579664134979248047e+01 -2.538626289367675781e+01
1.111468746860258427e+00 4.390000000000000000e+02 5.291122664320739233e+01 1.548568573689550654e+01 6.591181182861328125e+01 2.867027282714843750e+01 1.077447128295898438e+01
1.111576363272510637e+00 2.430000000000000000e+02 4.418047196332092597e+01 -6.824383754987416673e+00 7.519580841064453125e+01 2.322644042968750000e+01 -1.658817863464355469e+01
1.112064934922273984e+00 4.730000000000000000e+02 5.319137962081170201e+01 1.837823436128737242e+01 6.502006530761718750e+01 2.803638648986816406e+01 1.419926452636718750e+01
1.115460619291495092e+00 3.430000000000000000e+02 1.930827124710105736e+01 -2.558440726422689337e+01 8.506439971923828125e+01 -4.698503017425537109e+00 -3.878711318969726562e+01
1.116912594954735383e+00 3.240000000000000000e+02 5.009774013186144259e+01 1.611198321624716101e+00 7.017176818847656250e+01 2.853504943847656250e+01 -6.166941642761230469e+00
1.121089820435571038e+00 2.300000000000000000e+02 4.109307470151515673e+01 -1.085864439326005026e+01 7.718735504150390625e+01 1.993095588684082031e+01 -2.152137947082519531e+01
1.125660735178194649e+00 2.770000000000000000e+02 4.647636263683154567e+01 -5.564592724538879764e+00 7.330516815185546875e+01 2.533207130432128906e+01 -1.503796005249023438e+01
1.126062900950337786e+00 3.580000000000000000e+02 5.163050163288431804e+01 3.847329115175643022e+00 6.861899566650390625e+01 2.962867355346679688e+01 -3.402402162551879883e+00
1.131672809861482554e+00 4.160000000000000000e+02 5.293809783200331509e+01 6.285984197209020685e+00 6.718091583251953125e+01 3.040383529663085938e+01 -3.958866000175476074e-01
1.132677468158727940e+00 2.380000000000000000e+02 3.549068739584075161e+01 -1.680972978267552520e+01 7.997239685058593750e+01 1.356571674346923828e+01 -2.867066383361816406e+01
1.133207639462491700e+00 4.280000000000000000e+02 1.735444376169243696e+01 -2.765895239745643508e+01 8.465220642089843750e+01 -7.112204074859619141e+00 -4.108260345458984375e+01
1.135809089611543365e+00 3.220000000000000000e+02 2.336013768036298544e+01 -2.476422725578443007e+01 8.381546783447265625e+01 -3.145405054092407227e-01 -3.786833953857421875e+01
1.137795510812872113e+00 3.110000000000000000e+02 4.860579202018831779e+01 -3.987862951016331703e+00 7.147731781005859375e+01 2.722480392456054688e+01 -1.309314250946044922e+01
1.139807541737738239e+00 2.640000000000000000e+02 4.363428378765637206e+01 -1.015107731546443048e+01 7.522151184082031250e+01 2.232347679138183594e+01 -2.066024589538574219e+01
1.140256240031769952e+00 2.510000000000000000e+02 3.992061390618613359e+01 -1.395701055743936969e+01 7.748119354248046875e+01 1.831855010986328125e+01 -2.526646423339843750e+01
1.140758113404509499e+00 4.170000000000000000e+02 5.401410318342600192e+01 8.899172566816810459e+00 6.586596679687500000e+01 3.084593963623046875e+01 2.810048580169677734e+00
1.142261316597661835e+00 2.590000000000000000e+02 3.319298143041201854e+01 -1.934268560635251788e+01 8.069414520263671875e+01 1.078536319732666016e+01 -3.165093994140625000e+01
1.145496454311728529e+00 4.600000000000000000e+02 5.485182000160682492e+01 1.166074771465480175e+01 6.468151855468750000e+01 3.094306373596191406e+01 6.173095226287841797e+00
1.148454908240738259e+00 3.450000000000000000e+02 5.055254464942147763e+01 -2.128002024928445035e+00 6.972538757324218750e+01 2.887819480895996094e+01 -1.079440879821777344e+01
1.148516495501719525e+00 4.940000000000000000e+02 5.544349164368968275e+01 1.454598871310906283e+01 6.363372802734375000e+01 3.068621444702148438e+01 9.651055335998535156e+00
1.148999135609858335e+00 3.010000000000000000e+02 2.707934008676944870e+01 -2.340247794435530082e+01 8.264702606201171875e+01 3.779675006866455078e+00 -3.632954406738281250e+01
1.149149172000286434e+00 2.800000000000000000e+02 3.037722866781790998e+01 -2.156867447672156146e+01 8.159549713134765625e+01 7.503345966339111328e+00 -3.423233795166015625e+01
1.150021658351290554e+00 4.530000000000000000e+02 1.514861141935885769e+01 -2.946672569802039732e+01 8.429630279541015625e+01 -9.713343620300292969e+00 -4.304782485961914062e+01
1.155410706835720225e+00 3.900000000000000000e+02 5.230380593996139993e+01 -1.610758519084522569e-02 6.806176757812500000e+01 3.026745033264160156e+01 -8.180937767028808594e+00
1.155929007914213713e+00 2.980000000000000000e+02 4.606992118909045075e+01 -9.082992965878407432e+00 7.328190612792968750e+01 2.458620643615722656e+01 -1.935678291320800781e+01
1.160389259695311592e+00 2.720000000000000000e+02 3.820715065106625730e+01 -1.694178378074989766e+01 7.800499725341796875e+01 1.611181831359863281e+01 -2.882707977294921875e+01
1.162549599939611600e+00 3.910000000000000000e+02 5.384958760799434430e+01 2.318894209760926639e+00 6.649794769287109375e+01 3.136995887756347656e+01 -5.291485309600830078e+00
1.163346939209603192e+00 3.860000000000000000e+02 2.182760529662931148e+01 -2.713774040797233411e+01 8.328385162353515625e+01 -2.382781267166137695e+00 -4.050982284545898438e+01
1.166229653233404218e+00 2.850000000000000000e+02 4.256396752157679231e+01 -1.346627974060523059e+01 7.549411773681640625e+01 2.080333900451660156e+01 -2.467635726928710938e+01
1.167696907767935333e+00 3.320000000000000000e+02 4.837197495263447422e+01 -7.686305301777263566e+00 7.138429260253906250e+01 2.668551063537597656e+01 -1.764650154113769531e+01
1.172152144040987887e+00 4.470000000000000000e+02 5.518194925315987831e+01 4.849946292659228497e+00 6.504436492919921875e+01 3.216567993164062500e+01 -2.164963722229003906e+00
1.177870995849676916e+00 2.930000000000000000e+02 3.594577357645760429e+01 -1.972752852193985618e+01 7.874114227294921875e+01 1.333899784088134766e+01 -3.209987258911132812e+01
1.179791204366191781e+00 3.660000000000000000e+02 5.051753749153244399e+01 -5.991018038756445563e+00 6.954362487792968750e+01 2.858946037292480469e+01 -1.556310176849365234e+01
1.179907546882760450e+00 4.810000000000000000e+02 5.629404595927932320e+01 7.551646011747672027e+00 6.371035766601562500e+01 3.263739395141601562e+01 1.159293532371520996e+00
1.182999394727232145e+00 3.560000000000000000e+02 2.601833495571059629e+01 -2.601357166034786772e+01 8.197179412841796875e+01 2.108963489532470703e+00 -3.926538085937500000e+01
1.184608952516259084e+00 3.190000000000000000e+02 4.514284270077796180e+01 -1.261117226409917613e+01 7.351199340820312500e+01 2.321100616455078125e+01 -2.364521408081054688e+01
1.185205447171514326e+00 3.140000000000000000e+02 3.314106910825169194e+01 -2.222655283504464663e+01 7.966678619384765625e+01 1.004217815399169922e+01 -3.498789596557617188e+01
1.186975860535468552e+00 4.290000000000000000e+02 2.000481294688560752e+01 -2.927050937086966087e+01 8.282831573486328125e+01 -4.685037136077880859e+00 -4.283616638183593750e+01
1.187700989152466358e+00 3.350000000000000000e+02 2.981584864484807795e+01 -2.435048229576322498e+01 8.075429534912109375e+01 6.276484012603759766e+00 -3.740253829956054688e+01
1.189603188496076491e+00 4.330000000000000000e+02 5.248862212426232787e+01 -4.025764645626748184e+00 6.777397918701171875e+01 3.026823806762695312e+01 -1.313994216918945312e+01
1.189638834551818736e+00 3.060000000000000000e+02 4.094993610505058257e+01 -1.669016301669168101e+01 7.600405883789062500e+01 1.867376518249511719e+01 -2.852894592285156250e+01
1.197253835833294255e+00 4.320000000000000000e+02 5.427155596204217858e+01 -1.817933706647820502e+00 6.608848571777343750e+01 3.169443511962890625e+01 -1.041083812713623047e+01
1.200266388197045675e+00 3.530000000000000000e+02 4.762156382032271296e+01 -1.141744430378601116e+01 7.155185699462890625e+01 2.550351142883300781e+01 -2.220002365112304688e+01
1.200343992639185675e+00 4.870000000000000000e+02 1.790981758323949791e+01 -3.117065277122737754e+01 8.243673706054687500e+01 -7.188323497772216797e+00 -4.486840057373046875e+01
1.201207317679125808e+00 4.680000000000000000e+02 5.585611149141978160e+01 6.063439339773966097e-01 6.449925994873046875e+01 3.284327697753906250e+01 -7.410489082336425781e+00
1.206617362923895875e+00 3.400000000000000000e+02 4.367139448371499810e+01 -1.607260683012943403e+01 7.398815917968750000e+01 2.120854949951171875e+01 -2.779557609558105469e+01
1.209350483951876054e+00 4.060000000000000000e+02 4.997036208358959897e+01 -9.910795051991732052e+00 6.962988281250000000e+01 2.764489555358886719e+01 -2.036737442016601562e+01
1.209644104508121210e+00 3.870000000000000000e+02 2.464067401564102511e+01 -2.841333760728191749e+01 8.139281463623046875e+01 1.575297713279724121e-01 -4.190679168701171875e+01
1.209826638278905797e+00 3.270000000000000000e+02 3.877664253374289416e+01 -1.973924577070701503e+01 7.673596191406250000e+01 1.595728588104248047e+01 -3.211352539062500000e+01
1.217347718093799047e+00 4.070000000000000000e+02 5.216543951255072642e+01 -8.116975221675971852e+00 6.776136016845703125e+01 2.960143089294433594e+01 -1.817451667785644531e+01
1.218438946062716077e+00 3.480000000000000000e+02 3.603726311128728099e+01 -2.252614269637979305e+01 7.766896057128906250e+01 1.269077110290527344e+01 -3.533080291748046875e+01
1.225614223094100064e+00 4.120000000000000000e+02 2.892001946810835733e+01 -2.695163330103072852e+01 8.002986145019531250e+01 4.722163200378417969e+00 -4.030465316772460938e+01
1.225857204977731207e+00 4.550000000000000000e+02 5.418853942263021395e+01 -6.061570010801861308e+00 6.596069335937500000e+01 3.134179306030273438e+01 -1.564994716644287109e+01
1.226085724263249910e+00 3.700000000000000000e+02 3.274068585471766824e+01 -2.496049217317731106e+01 7.877709960937500000e+01 8.924704551696777344e+00 -3.808876037597656250e+01
1.226317627991550641e+00 3.800000000000000000e+02 4.632873661049360692e+01 -1.510813913387387508e+01 7.197498321533203125e+01 2.367533493041992188e+01 -2.664570617675781250e+01
1.228999934860554699e+00 4.890000000000000000e+02 5.602618379939307403e+01 -3.769683889364568774e+00 6.424134063720703125e+01 3.283721160888671875e+01 -1.282370185852050781e+01
1.229966347680833127e+00 3.610000000000000000e+02 4.163317796628387413e+01 -1.938642487031946615e+01 7.469716644287109375e+01 1.859591674804687500e+01 -3.170201873779296875e+01
1.234004056103378488e+00 4.660000000000000000e+02 2.296263876618410293e+01 -3.061155841765114971e+01 8.089597320556640625e+01 -2.036764383316040039e+00 -4.427453231811523438e+01
1.238312987761933215e+00 3.810000000000000000e+02 4.888509828847870153e+01 -1.381749789964381669e+01 6.998139953613281250e+01 2.603538131713867188e+01 -2.509882545471191406e+01
1.247127672017693589e+00 4.420000000000000000e+02 5.131007723685841881e+01 -1.222295780155238099e+01 6.802350616455078125e+01 2.825206565856933594e+01 -2.317592811584472656e+01
1.249442164988948667e+00 4.220000000000000000e+02 4.446634353198101053e+01 -1.868067301508536815e+01 7.264253997802734375e+01 2.121260261535644531e+01 -3.087621116638183594e+01
1.250508879524732553e+00 3.960000000000000000e+02 3.901112922551967443e+01 -2.246664415729082975e+01 7.562005615234375000e+01 1.540486812591552734e+01 -3.526276016235351562e+01
1.250974345945834010e+00 4.450000000000000000e+02 2.770815936652804012e+01 -2.938438858706486911e+01 7.940566253662109375e+01 2.884154319763183594e+00 -4.295905685424804688e+01
1.251999345359364080e+00 4.760000000000000000e+02 5.357973655899630216e+01 -1.034785241481601403e+01 6.611662292480468750e+01 3.029098701477050781e+01 -2.089992523193359375e+01
1.258291286624385386e+00 3.710000000000000000e+02 3.580020310007851947e+01 -2.522232273634718069e+01 7.673255920410156250e+01 1.168123054504394531e+01 -3.838226699829101562e+01
1.262813718377053807e+00 4.130000000000000000e+02 3.201660928532296424e+01 -2.755932999620155499e+01 7.800555419921875000e+01 7.483998298645019531e+00 -4.097333526611328125e+01
1.265591695393535776e+00 3.970000000000000000e+02 4.200889145921253487e+01 -2.205148758862718239e+01 7.353755187988281250e+01 1.814185714721679688e+01 -3.478717803955078125e+01
1.268003232542750602e+00 4.230000000000000000e+02 4.723209550241423216e+01 -1.763690777062462089e+01 7.058924102783203125e+01 2.376691436767578125e+01 -2.964861297607421875e+01
1.276087036023550780e+00 4.630000000000000000e+02 4.989266311502079532e+01 -1.627309477419305495e+01 6.855378723144531250e+01 2.622026252746582031e+01 -2.803391647338867188e+01
1.284163424980433454e+00 4.970000000000000000e+02 5.241720199674414005e+01 -1.460963124562678850e+01 6.655206298828125000e+01 2.853597450256347656e+01 -2.604929542541503906e+01
1.286228355871664952e+00 4.370000000000000000e+02 3.893846325645878892e+01 -2.513056752069503474e+01 7.463748931884765625e+01 1.450408649444580078e+01 -3.827948379516601562e+01
1.287367503559325943e+00 4.790000000000000000e+02 3.098227950105725270e+01 -3.002772663869958336e+01 7.733701324462890625e+01 5.758757114410400391e+00 -4.365071868896484375e+01
1.289947329439951496e+00 4.580000000000000000e+02 3.525384596874737042e+01 -2.782216646883258448e+01 7.591470336914062500e+01 1.035395622253417969e+01 -4.126140975952148438e+01
1.291182406975731833e+00 4.500000000000000000e+02 4.497983128025286703e+01 -2.128874631916898608e+01 7.143848419189453125e+01 2.086058807373046875e+01 -3.390979766845703125e+01
1.300955153258434027e+00 4.840000000000000000e+02 4.787834980318127975e+01 -2.019097634455900447e+01 6.933944702148437500e+01 2.352136611938476562e+01 -3.263906478881835938e+01
1.303368271558652758e+00 4.710000000000000000e+02 4.209960635355333380e+01 -2.468536264984053474e+01 7.250845336914062500e+01 1.735227012634277344e+01 -3.777967071533203125e+01
1.317136652328940061e+00 4.920000000000000000e+02 3.857374674437924966e+01 -2.773138854721421964e+01 7.377313995361328125e+01 1.329196166992187500e+01 -4.116199111938476562e+01
